LR_mix_NM Cross-Validation Results accuracy:
 [0.93548387 0.96774194 1.         0.96666667 0.96666667 1.
 0.93333333 0.96666667 0.93333333 0.96666667 1.         0.96774194
 0.96666667 1.         0.96666667 0.96666667 1.         0.96666667
 0.96666667 0.93333333 1.         0.93548387 0.96666667 0.93333333
 1.         0.93333333 1.         0.96666667 0.96666667 1.
 1.         1.         0.96666667 0.96666667 0.96666667 0.93333333
 0.93333333 0.96666667 0.96666667 0.96666667 0.96774194 0.93548387
 1.         0.9        0.96666667 0.96666667 1.         0.96666667
 0.96666667 0.96666667 0.96774194 1.         0.93333333 0.93333333
 1.         0.96666667 1.         0.96666667 1.         0.9
 0.90322581 1.         0.96666667 0.96666667 0.93333333 1.
 0.96666667 0.9        1.         1.         1.         0.96774194
 1.         0.96666667 0.96666667 0.9        0.96666667 0.96666667
 1.         1.         1.         1.         1.         0.93333333
 0.96666667 1.         0.9        0.96666667 0.96666667 0.96666667
 1.         0.96774194 1.         0.96666667 0.93333333 0.93333333
 0.96666667 1.         0.96666667 0.96666667]
Mean accuracy: 0.9681612903225806
Dev: 0.0280976177710397


LR_mix_NM Cross-Validation Results accuracy:
 [0.93548387 0.96774194 1.         0.96666667 0.96666667 1.
 0.93333333 0.96666667 0.93333333 0.96666667 1.         0.96774194
 0.96666667 1.         0.96666667 0.96666667 1.         0.96666667
 0.96666667 0.93333333 1.         0.93548387 0.96666667 0.93333333
 1.         0.93333333 1.         0.96666667 0.96666667 1.
 1.         1.         0.96666667 0.96666667 0.96666667 0.93333333
 0.93333333 0.96666667 0.96666667 0.96666667 0.96774194 0.93548387
 1.         0.9        0.96666667 0.96666667 1.         0.96666667
 0.96666667 0.96666667 0.96774194 1.         0.93333333 0.93333333
 1.         0.96666667 1.         0.96666667 1.         0.9
 0.90322581 1.         0.96666667 0.96666667 0.93333333 1.
 0.96666667 0.9        1.         1.         1.         0.96774194
 1.         0.96666667 0.96666667 0.9        0.96666667 0.96666667
 1.         1.         1.         1.         1.         0.93333333
 0.96666667 1.         0.9        0.96666667 0.96666667 0.96666667
 1.         0.96774194 1.         0.96666667 0.93333333 0.93333333
 0.96666667 1.         0.96666667 0.96666667]
Mean accuracy: 0.9681612903225806
Dev: 0.0280976177710397


LR_smote_NM Cross-Validation Results accuracy:
 [0.93548387 1.         0.96666667 0.96666667 0.96666667 1.
 0.96666667 1.         0.93333333 1.         1.         0.96774194
 0.96666667 1.         0.96666667 1.         1.         0.96666667
 0.96666667 0.93333333 1.         0.93548387 0.96666667 0.93333333
 1.         0.96666667 1.         0.96666667 0.96666667 0.96666667
 1.         1.         0.96666667 0.96666667 0.96666667 0.96666667
 0.96666667 0.93333333 1.         0.93333333 0.96774194 0.96774194
 1.         0.93333333 0.93333333 0.96666667 1.         1.
 1.         0.96666667 0.93548387 1.         0.93333333 0.96666667
 1.         0.96666667 1.         1.         1.         0.93333333
 0.96774194 1.         0.93333333 0.96666667 0.96666667 1.
 0.96666667 0.9        1.         1.         1.         0.96774194
 0.96666667 1.         0.96666667 0.96666667 0.96666667 0.96666667
 1.         1.         1.         1.         1.         0.96666667
 0.96666667 1.         0.93333333 0.93333333 0.93333333 1.
 1.         0.96774194 1.         1.         0.93333333 0.9
 0.96666667 1.         1.         0.96666667]
Mean accuracy: 0.9734623655913981
Dev: 0.02613539459687167


LR_GAN_NM Cross-Validation Results accuracy:
 [0.90322581 0.93548387 0.96666667 0.96666667 0.93333333 0.93333333
 0.96666667 0.93333333 1.         0.96666667 1.         0.93548387
 0.93333333 0.93333333 0.96666667 1.         1.         0.93333333
 0.86666667 0.9        0.93548387 0.93548387 0.93333333 0.93333333
 0.96666667 0.93333333 0.96666667 0.9        0.96666667 0.96666667
 0.93548387 0.90322581 0.93333333 0.96666667 0.86666667 0.93333333
 0.93333333 0.96666667 1.         0.93333333 0.96774194 0.96774194
 1.         0.9        0.93333333 0.96666667 0.93333333 0.93333333
 0.9        0.96666667 1.         0.93548387 0.86666667 0.96666667
 0.96666667 0.93333333 0.9        0.93333333 1.         0.83333333
 0.90322581 0.96774194 0.93333333 0.96666667 0.93333333 1.
 0.9        0.83333333 1.         0.93333333 0.96774194 0.83870968
 0.9        1.         0.93333333 0.9        0.96666667 0.96666667
 0.96666667 0.9        1.         0.93548387 0.93333333 0.9
 0.93333333 0.96666667 0.9        0.93333333 0.96666667 0.93333333
 1.         0.96774194 1.         0.9        0.9        0.93333333
 0.9        0.96666667 0.93333333 0.96666667]
Mean accuracy: 0.9416881720430109
Dev: 0.038381179327648424


LR_borderline_NM Cross-Validation Results accuracy:
 [0.93548387 1.         1.         0.96666667 0.96666667 1.
 0.96666667 1.         0.93333333 1.         1.         1.
 0.96666667 1.         0.96666667 1.         1.         0.93333333
 0.96666667 0.93333333 1.         0.93548387 0.96666667 0.96666667
 1.         0.96666667 1.         1.         0.96666667 1.
 1.         1.         0.96666667 0.96666667 0.96666667 1.
 0.96666667 0.96666667 0.96666667 0.96666667 1.         1.
 1.         0.93333333 0.96666667 0.96666667 1.         1.
 1.         0.93333333 0.96774194 1.         0.93333333 0.96666667
 1.         1.         1.         0.96666667 1.         0.9
 0.90322581 1.         1.         0.96666667 1.         1.
 0.96666667 0.9        1.         1.         1.         0.96774194
 1.         1.         0.96666667 0.93333333 0.96666667 0.93333333
 1.         1.         1.         1.         1.         0.96666667
 0.96666667 1.         0.93333333 0.96666667 0.96666667 1.
 1.         0.96774194 1.         1.         0.93333333 0.96666667
 0.96666667 1.         0.96666667 0.96666667]
Mean accuracy: 0.9771075268817205
Dev: 0.026365931254277872


LR_mix_KM Cross-Validation Results accuracy:
 [0.96774194 0.83870968 0.9        0.93333333 0.9        0.93333333
 0.96666667 1.         1.         0.86666667 0.83870968 0.93548387
 1.         0.96666667 0.9        0.86666667 1.         0.93333333
 0.96666667 0.86666667 0.90322581 1.         0.93333333 0.93333333
 0.93333333 1.         0.9        0.9        0.96666667 0.9
 0.93548387 0.90322581 0.96666667 0.93333333 0.9        0.93333333
 0.9        0.96666667 0.9        0.93333333 0.96774194 0.93548387
 0.96666667 0.93333333 0.9        0.96666667 0.9        0.9
 0.93333333 0.9        0.96774194 1.         0.9        0.86666667
 0.9        0.93333333 0.93333333 0.96666667 0.9        0.93333333
 0.96774194 0.90322581 1.         0.96666667 0.83333333 1.
 0.93333333 0.93333333 0.93333333 0.93333333 0.93548387 1.
 0.9        0.86666667 0.93333333 1.         0.93333333 0.9
 0.9        0.9        0.96774194 0.87096774 1.         0.86666667
 0.83333333 0.96666667 0.96666667 0.93333333 0.96666667 0.93333333
 0.90322581 0.90322581 0.9        1.         0.93333333 0.86666667
 0.83333333 0.96666667 1.         1.        ]
Mean accuracy: 0.9311182795698926
Dev: 0.04454697907709751


LR_smote_KM Cross-Validation Results accuracy:
 [0.87096774 0.87096774 0.9        0.93333333 0.96666667 0.96666667
 0.93333333 1.         1.         0.96666667 0.93548387 0.96774194
 0.96666667 1.         0.86666667 0.96666667 0.96666667 0.93333333
 1.         0.93333333 0.90322581 0.96774194 0.96666667 0.96666667
 0.93333333 0.96666667 0.96666667 0.93333333 0.93333333 0.96666667
 0.96774194 0.96774194 0.96666667 0.96666667 0.96666667 0.83333333
 0.9        0.96666667 0.96666667 0.96666667 0.96774194 1.
 1.         0.96666667 0.83333333 0.93333333 0.93333333 0.96666667
 0.9        0.83333333 0.96774194 1.         0.93333333 0.83333333
 0.9        1.         1.         0.96666667 0.83333333 0.96666667
 0.96774194 0.96774194 1.         0.96666667 0.86666667 1.
 0.9        0.9        0.9        0.93333333 0.93548387 0.96774194
 0.96666667 0.86666667 0.96666667 0.93333333 0.93333333 0.9
 0.96666667 0.96666667 0.96774194 0.90322581 1.         0.96666667
 0.83333333 1.         0.96666667 0.96666667 0.96666667 0.9
 0.96774194 0.90322581 1.         1.         0.86666667 0.9
 0.93333333 1.         1.         0.93333333]
Mean accuracy: 0.9443440860215054
Dev: 0.045736763588289056


LR_GAN_KM Cross-Validation Results accuracy:
 [0.90322581 0.96774194 1.         0.96666667 0.93333333 0.9
 0.93333333 0.9        0.96666667 0.93333333 0.90322581 0.87096774
 1.         0.93333333 0.96666667 1.         0.96666667 0.9
 0.93333333 0.86666667 0.83870968 1.         0.9        0.86666667
 0.96666667 0.96666667 0.96666667 0.93333333 0.93333333 0.96666667
 0.93548387 0.96774194 0.96666667 1.         0.93333333 0.86666667
 0.93333333 0.9        0.93333333 0.96666667 0.93548387 0.96774194
 0.9        0.93333333 0.96666667 0.93333333 0.96666667 0.9
 0.93333333 0.9        0.93548387 1.         0.96666667 0.83333333
 0.93333333 0.96666667 0.96666667 0.93333333 0.9        0.96666667
 0.93548387 0.90322581 0.96666667 1.         0.86666667 1.
 0.9        0.96666667 0.83333333 0.93333333 0.96774194 0.96774194
 0.86666667 0.96666667 0.96666667 0.93333333 0.93333333 0.93333333
 1.         0.9        0.96774194 0.80645161 0.93333333 0.93333333
 0.9        1.         0.93333333 0.96666667 1.         0.93333333
 1.         0.90322581 0.93333333 0.96666667 0.86666667 0.9
 0.86666667 1.         0.96666667 0.96666667]
Mean accuracy: 0.9371075268817205
Dev: 0.043389593671074145


LR_borderline_KM Cross-Validation Results accuracy:
 [0.96774194 0.93548387 0.93333333 0.96666667 0.93333333 0.96666667
 0.93333333 0.96666667 0.96666667 0.9        0.90322581 0.90322581
 0.96666667 1.         0.93333333 0.9        0.96666667 0.93333333
 0.96666667 0.93333333 0.90322581 1.         0.93333333 0.96666667
 0.93333333 1.         0.9        0.96666667 0.93333333 0.93333333
 0.90322581 0.96774194 0.96666667 0.96666667 0.96666667 0.86666667
 0.96666667 0.96666667 0.96666667 0.96666667 0.96774194 1.
 0.93333333 0.96666667 0.9        1.         0.93333333 0.96666667
 1.         0.83333333 1.         0.96774194 0.96666667 0.83333333
 0.9        1.         0.93333333 0.96666667 0.9        0.96666667
 0.96774194 0.90322581 1.         0.93333333 0.86666667 0.96666667
 0.96666667 0.93333333 0.93333333 0.96666667 0.96774194 0.96774194
 0.96666667 0.93333333 0.93333333 0.96666667 0.9        0.9
 0.96666667 0.96666667 0.96774194 0.93548387 0.96666667 0.93333333
 0.83333333 0.96666667 0.93333333 0.96666667 1.         0.93333333
 0.93548387 0.93548387 1.         0.96666667 0.93333333 0.83333333
 0.9        0.96666667 1.         1.        ]
Mean accuracy: 0.9460000000000002
Dev: 0.038898755664886805


LR_mix_CC Cross-Validation Results accuracy:
 [0.93548387 0.83870968 1.         0.9        0.9        0.93333333
 0.9        0.93333333 0.96666667 0.96666667 0.87096774 0.93548387
 0.93333333 0.96666667 0.86666667 1.         0.93333333 0.93333333
 0.93333333 0.9        0.96774194 0.83870968 0.93333333 0.93333333
 0.96666667 0.9        0.93333333 0.9        0.93333333 0.96666667
 1.         1.         0.93333333 0.83333333 0.8        0.9
 0.86666667 0.93333333 1.         1.         0.93548387 1.
 0.9        0.86666667 0.9        0.93333333 0.93333333 0.96666667
 0.86666667 0.93333333 0.96774194 0.93548387 0.86666667 0.93333333
 0.96666667 0.93333333 0.93333333 0.96666667 0.93333333 0.86666667
 0.93548387 0.93548387 0.9        0.96666667 0.9        0.86666667
 0.93333333 0.9        0.93333333 0.96666667 0.90322581 0.83870968
 0.93333333 0.96666667 0.93333333 0.93333333 0.9        0.93333333
 0.96666667 0.86666667 1.         0.93548387 0.96666667 0.93333333
 0.9        0.86666667 0.93333333 0.93333333 0.93333333 0.9
 0.93548387 0.93548387 0.93333333 0.93333333 0.86666667 0.93333333
 0.96666667 0.9        0.86666667 0.96666667]
Mean accuracy: 0.9257849462365593
Dev: 0.041837210464402495


LR_smote_CC Cross-Validation Results accuracy:
 [0.90322581 0.93548387 0.96666667 0.93333333 0.96666667 0.93333333
 0.8        0.96666667 1.         0.93333333 0.90322581 0.93548387
 0.93333333 1.         0.96666667 1.         1.         0.86666667
 0.93333333 0.9        0.96774194 0.90322581 0.93333333 0.9
 0.96666667 0.86666667 1.         0.96666667 0.96666667 1.
 1.         1.         0.93333333 0.9        0.93333333 0.93333333
 0.9        0.93333333 0.93333333 1.         1.         1.
 0.96666667 0.9        0.9        0.9        0.93333333 0.93333333
 0.9        0.93333333 0.96774194 0.96774194 0.86666667 0.93333333
 1.         0.96666667 0.96666667 1.         0.96666667 0.9
 0.93548387 0.93548387 1.         0.96666667 0.93333333 1.
 0.93333333 0.9        0.9        0.93333333 1.         0.90322581
 0.96666667 0.96666667 0.93333333 0.9        0.93333333 0.9
 1.         0.96666667 1.         0.96774194 1.         0.96666667
 0.96666667 0.93333333 0.9        0.9        0.93333333 0.96666667
 1.         0.96774194 0.96666667 0.93333333 0.9        0.93333333
 0.96666667 0.96666667 0.86666667 0.96666667]
Mean accuracy: 0.9452688172043011
Dev: 0.0402473850829126


LR_GAN_CC Cross-Validation Results accuracy:
 [0.93548387 0.90322581 1.         0.96666667 0.9        0.83333333
 0.86666667 0.93333333 1.         1.         0.96774194 0.90322581
 0.83333333 0.96666667 0.96666667 0.93333333 1.         0.93333333
 0.96666667 0.9        1.         0.93548387 0.9        0.93333333
 0.96666667 0.9        0.93333333 0.93333333 0.96666667 0.96666667
 1.         0.96774194 0.93333333 0.96666667 0.9        0.96666667
 0.93333333 0.93333333 1.         0.96666667 0.93548387 0.96774194
 0.93333333 0.96666667 0.9        0.9        0.9        0.96666667
 0.96666667 0.93333333 0.96774194 0.90322581 0.93333333 0.96666667
 1.         0.9        0.93333333 0.93333333 0.93333333 0.86666667
 0.87096774 1.         0.9        0.93333333 0.9        0.96666667
 0.93333333 0.86666667 0.9        1.         0.96774194 0.87096774
 0.96666667 0.9        0.9        0.96666667 1.         0.96666667
 1.         0.93333333 0.93548387 0.96774194 0.93333333 1.
 0.93333333 0.9        0.93333333 0.9        1.         0.93333333
 1.         0.93548387 0.93333333 0.93333333 0.9        0.93333333
 1.         0.96666667 0.93333333 0.93333333]
Mean accuracy: 0.940688172043011
Dev: 0.03958032821716162


LR_borderline_CC Cross-Validation Results accuracy:
 [0.93548387 1.         0.96666667 0.96666667 0.96666667 0.9
 0.9        0.96666667 0.9        0.9        0.93548387 0.90322581
 0.96666667 1.         0.96666667 1.         1.         0.86666667
 0.93333333 0.9        0.96774194 0.93548387 0.96666667 0.9
 0.93333333 0.9        0.96666667 0.96666667 0.93333333 1.
 1.         1.         0.96666667 0.8        0.93333333 0.93333333
 0.9        0.96666667 0.96666667 0.96666667 1.         0.93548387
 0.96666667 0.9        0.93333333 0.93333333 0.96666667 0.93333333
 0.96666667 0.96666667 0.96774194 1.         0.9        0.9
 1.         0.9        0.93333333 1.         0.96666667 0.9
 0.90322581 0.96774194 0.96666667 0.96666667 0.9        1.
 0.93333333 0.86666667 0.96666667 1.         1.         0.87096774
 1.         0.96666667 0.96666667 0.9        0.93333333 0.96666667
 1.         0.9        0.96774194 0.93548387 1.         0.96666667
 0.96666667 0.9        0.86666667 0.86666667 0.96666667 0.96666667
 1.         0.93548387 1.         0.96666667 0.83333333 0.93333333
 0.96666667 0.96666667 0.86666667 0.96666667]
Mean accuracy: 0.9456129032258066
Dev: 0.042927386949972175


DT_mix_NM Cross-Validation Results accuracy:
 [0.96774194 0.96774194 1.         1.         1.         1.
 1.         1.         1.         1.         1.         1.
 1.         1.         1.         0.96666667 1.         1.
 0.96666667 1.         1.         0.96774194 1.         0.96666667
 1.         1.         1.         1.         1.         1.
 1.         1.         1.         0.96666667 1.         1.
 0.96666667 1.         1.         1.         1.         1.
 1.         0.96666667 1.         1.         1.         0.96666667
 1.         1.         1.         1.         1.         1.
 1.         1.         1.         1.         1.         0.93333333
 1.         1.         0.96666667 0.96666667 1.         1.
 1.         1.         1.         1.         1.         1.
 1.         0.96666667 1.         1.         0.96666667 1.
 1.         1.         1.         1.         1.         1.
 1.         1.         0.96666667 1.         1.         0.96666667
 1.         1.         1.         0.96666667 1.         1.
 0.96666667 1.         1.         1.        ]
Mean accuracy: 0.9933655913978495
Dev: 0.01408237250610224


DT_smote_NM Cross-Validation Results accuracy:
 [0.96774194 1.         1.         1.         1.         1.
 1.         1.         1.         1.         1.         0.96774194
 1.         1.         1.         1.         1.         1.
 0.96666667 1.         1.         0.96774194 1.         1.
 1.         1.         1.         1.         1.         1.
 1.         1.         1.         0.96666667 1.         1.
 1.         1.         1.         1.         1.         1.
 1.         0.96666667 0.96666667 1.         1.         1.
 1.         1.         1.         1.         1.         1.
 1.         1.         1.         1.         1.         0.96666667
 1.         1.         1.         0.96666667 1.         1.
 1.         1.         1.         1.         1.         1.
 1.         1.         1.         1.         0.96666667 1.
 1.         1.         1.         1.         1.         1.
 1.         1.         0.96666667 1.         1.         1.
 1.         1.         1.         1.         1.         0.96666667
 0.96666667 1.         1.         1.        ]
Mean accuracy: 0.9956989247311827
Dev: 0.011127863426232475


DT_GAN_NM Cross-Validation Results accuracy:
 [0.96774194 1.         1.         1.         1.         1.
 1.         1.         1.         1.         1.         1.
 1.         1.         1.         1.         1.         0.93333333
 0.96666667 1.         1.         0.96774194 1.         1.
 1.         1.         1.         1.         1.         1.
 1.         1.         1.         0.96666667 1.         1.
 1.         1.         1.         1.         1.         1.
 1.         0.96666667 1.         1.         1.         1.
 0.96666667 1.         1.         1.         1.         1.
 1.         1.         0.96666667 1.         1.         0.96666667
 1.         1.         1.         0.96666667 1.         1.
 1.         1.         1.         1.         1.         1.
 1.         1.         1.         1.         0.96666667 0.96666667
 1.         1.         1.         1.         1.         1.
 1.         1.         0.96666667 1.         1.         0.96666667
 1.         1.         1.         0.96666667 1.         1.
 0.96666667 1.         1.         1.        ]
Mean accuracy: 0.9943548387096774
Dev: 0.013335392660948051


DT_borderline_NM Cross-Validation Results accuracy:
 [0.96774194 1.         1.         1.         1.         1.
 1.         1.         1.         1.         1.         1.
 1.         1.         1.         1.         1.         1.
 0.96666667 1.         1.         0.96774194 1.         1.
 1.         1.         1.         1.         1.         1.
 1.         1.         1.         0.96666667 1.         1.
 1.         1.         1.         1.         1.         1.
 1.         0.96666667 1.         1.         0.96666667 1.
 1.         1.         1.         1.         1.         1.
 1.         1.         1.         1.         1.         0.96666667
 1.         1.         1.         0.96666667 1.         1.
 1.         1.         1.         1.         1.         1.
 1.         1.         1.         1.         0.96666667 1.
 1.         1.         1.         1.         1.         1.
 1.         1.         0.96666667 1.         1.         1.
 1.         1.         1.         1.         1.         1.
 0.96666667 1.         1.         1.        ]
Mean accuracy: 0.9963548387096774
Dev: 0.010369399871451992


DT_mix_KM Cross-Validation Results accuracy:
 [0.96774194 0.96774194 0.9        0.96666667 1.         0.96666667
 0.96666667 1.         1.         1.         0.96774194 0.96774194
 1.         0.96666667 1.         0.96666667 0.96666667 0.93333333
 1.         0.93333333 0.93548387 1.         1.         1.
 1.         0.96666667 0.93333333 0.93333333 1.         0.96666667
 0.96774194 1.         1.         1.         0.96666667 0.9
 0.93333333 0.96666667 1.         1.         0.96774194 0.96774194
 0.96666667 1.         0.96666667 1.         0.96666667 0.96666667
 0.96666667 0.96666667 0.96774194 0.93548387 0.96666667 0.96666667
 1.         0.96666667 0.96666667 0.96666667 0.96666667 0.96666667
 1.         0.96774194 0.96666667 0.93333333 0.93333333 1.
 1.         1.         0.96666667 1.         0.96774194 0.93548387
 0.96666667 0.9        0.93333333 1.         0.96666667 0.93333333
 1.         1.         1.         0.90322581 0.96666667 1.
 0.93333333 0.96666667 1.         1.         1.         0.96666667
 0.96774194 0.93548387 1.         1.         0.9        1.
 0.9        1.         0.93333333 1.        ]
Mean accuracy: 0.9705698924731183
Dev: 0.028821880137423886


DT_smote_KM Cross-Validation Results accuracy:
 [0.93548387 1.         0.93333333 1.         1.         1.
 1.         1.         1.         0.96666667 0.96774194 1.
 1.         0.96666667 0.96666667 1.         1.         0.96666667
 1.         1.         0.96774194 1.         1.         1.
 1.         1.         0.96666667 0.96666667 0.96666667 1.
 1.         1.         1.         1.         1.         0.96666667
 0.93333333 1.         1.         1.         1.         1.
 0.96666667 1.         1.         0.96666667 1.         1.
 1.         0.96666667 1.         1.         1.         1.
 0.96666667 0.96666667 0.96666667 1.         0.96666667 1.
 1.         1.         0.93333333 0.96666667 1.         1.
 0.96666667 0.96666667 1.         1.         1.         0.96774194
 1.         0.93333333 0.96666667 1.         0.96666667 0.96666667
 1.         1.         1.         0.96774194 1.         1.
 1.         1.         0.96666667 1.         1.         0.93333333
 1.         0.96774194 1.         1.         0.96666667 1.
 1.         1.         1.         1.        ]
Mean accuracy: 0.9867419354838709
Dev: 0.019891051968997136


DT_GAN_KM Cross-Validation Results accuracy:
 [0.96774194 1.         1.         0.96666667 0.9        0.93333333
 1.         0.96666667 1.         1.         1.         0.96774194
 1.         1.         1.         0.96666667 1.         0.96666667
 0.93333333 0.93333333 0.93548387 1.         1.         0.96666667
 1.         1.         0.96666667 0.96666667 0.96666667 1.
 1.         1.         1.         1.         0.96666667 0.96666667
 0.96666667 0.96666667 0.93333333 1.         0.93548387 1.
 1.         0.9        1.         0.93333333 1.         1.
 1.         0.9        1.         1.         1.         0.96666667
 1.         0.96666667 1.         0.96666667 0.93333333 1.
 0.96774194 0.96774194 0.93333333 0.96666667 0.96666667 1.
 0.9        1.         1.         1.         0.96774194 0.96774194
 1.         0.93333333 0.96666667 1.         1.         0.93333333
 1.         0.96666667 1.         0.93548387 1.         1.
 0.96666667 1.         1.         0.96666667 0.93333333 0.96666667
 1.         0.93548387 1.         1.         0.93333333 0.96666667
 0.96666667 1.         1.         1.        ]
Mean accuracy: 0.9761505376344087
Dev: 0.028560232846033984


DT_borderline_KM Cross-Validation Results accuracy:
 [0.96774194 1.         0.96666667 1.         1.         0.93333333
 1.         0.96666667 0.96666667 1.         0.93548387 1.
 1.         0.96666667 1.         0.96666667 1.         0.93333333
 0.96666667 1.         1.         1.         0.93333333 1.
 0.96666667 1.         0.96666667 0.96666667 1.         1.
 1.         1.         0.93333333 0.96666667 1.         0.93333333
 0.96666667 1.         1.         0.96666667 1.         0.96774194
 0.96666667 0.96666667 1.         1.         1.         1.
 0.96666667 0.96666667 0.93548387 1.         1.         1.
 1.         1.         0.93333333 1.         0.96666667 0.96666667
 0.93548387 1.         0.93333333 0.96666667 1.         1.
 1.         1.         1.         0.96666667 0.96774194 1.
 0.96666667 0.93333333 1.         0.93333333 0.93333333 0.96666667
 1.         1.         1.         0.96774194 1.         1.
 1.         0.93333333 0.93333333 1.         1.         0.96666667
 0.96774194 0.93548387 0.96666667 1.         1.         1.
 0.96666667 0.96666667 1.         1.        ]
Mean accuracy: 0.9791397849462367
Dev: 0.024608860653463405


DT_mix_CC Cross-Validation Results accuracy:
 [0.96774194 0.96774194 1.         0.9        1.         0.96666667
 0.96666667 0.93333333 1.         0.96666667 0.96774194 0.96774194
 1.         0.96666667 0.93333333 1.         1.         1.
 0.9        1.         1.         0.93548387 1.         0.96666667
 1.         0.96666667 1.         1.         0.96666667 1.
 1.         1.         0.96666667 0.9        1.         0.96666667
 0.96666667 1.         1.         1.         1.         1.
 0.93333333 0.86666667 1.         0.93333333 1.         0.96666667
 1.         1.         1.         1.         0.93333333 0.93333333
 1.         0.96666667 1.         1.         0.93333333 0.93333333
 1.         0.96774194 1.         0.96666667 0.96666667 0.96666667
 0.96666667 1.         1.         1.         0.96774194 0.93548387
 0.86666667 1.         1.         1.         0.96666667 1.
 1.         0.96666667 1.         1.         1.         1.
 1.         0.93333333 0.96666667 0.96666667 1.         1.
 0.93548387 1.         1.         1.         1.         0.93333333
 0.96666667 1.         0.96666667 1.        ]
Mean accuracy: 0.976462365591398
Dev: 0.031268660054921536


DT_smote_CC Cross-Validation Results accuracy:
 [0.93548387 1.         1.         1.         1.         1.
 0.93333333 1.         0.93333333 0.96666667 0.96774194 0.96774194
 1.         1.         1.         1.         1.         0.96666667
 0.9        1.         1.         0.96774194 0.96666667 0.96666667
 1.         0.96666667 0.96666667 1.         1.         1.
 1.         0.96774194 0.96666667 0.96666667 1.         0.96666667
 1.         0.96666667 1.         1.         1.         0.96774194
 1.         0.93333333 0.96666667 0.93333333 1.         1.
 0.96666667 1.         1.         1.         1.         1.
 1.         1.         1.         1.         0.93333333 0.96666667
 0.96774194 0.96774194 1.         0.96666667 1.         1.
 1.         1.         1.         0.96666667 1.         1.
 0.96666667 1.         1.         1.         0.93333333 0.96666667
 1.         1.         1.         1.         1.         1.
 1.         1.         0.93333333 0.96666667 1.         0.96666667
 1.         0.90322581 0.96666667 0.93333333 1.         1.
 0.96666667 1.         1.         1.        ]
Mean accuracy: 0.9827956989247312
Dev: 0.024515657418591522


DT_GAN_CC Cross-Validation Results accuracy:
 [0.90322581 1.         1.         1.         0.96666667 0.96666667
 1.         1.         1.         1.         1.         0.96774194
 0.96666667 1.         1.         1.         1.         0.96666667
 0.9        1.         1.         0.93548387 1.         0.96666667
 1.         1.         1.         1.         0.96666667 1.
 1.         0.96774194 1.         0.96666667 1.         1.
 0.93333333 1.         1.         0.96666667 1.         1.
 1.         0.96666667 0.96666667 0.93333333 1.         0.96666667
 1.         1.         1.         1.         1.         0.96666667
 1.         0.96666667 1.         1.         0.93333333 0.93333333
 0.96774194 1.         0.96666667 0.96666667 0.93333333 1.
 0.96666667 0.96666667 1.         1.         1.         0.96774194
 0.96666667 1.         1.         1.         0.96666667 0.96666667
 1.         1.         0.96774194 1.         1.         1.
 1.         1.         0.93333333 0.96666667 0.96666667 1.
 1.         1.         1.         1.         1.         1.
 0.96666667 1.         0.96666667 0.96666667]
Mean accuracy: 0.9834408602150537
Dev: 0.023612374399154968


DT_borderline_CC Cross-Validation Results accuracy:
 [0.93548387 0.96774194 1.         1.         1.         1.
 0.96666667 0.96666667 0.96666667 1.         0.96774194 1.
 1.         1.         1.         1.         1.         1.
 0.9        0.96666667 1.         0.90322581 1.         0.96666667
 0.96666667 1.         1.         1.         0.96666667 1.
 1.         1.         1.         0.96666667 1.         0.93333333
 0.96666667 1.         0.96666667 1.         1.         0.96774194
 0.96666667 0.96666667 0.96666667 0.93333333 1.         1.
 1.         0.96666667 1.         1.         1.         0.96666667
 1.         0.96666667 0.96666667 0.96666667 0.93333333 0.96666667
 0.96774194 0.96774194 1.         0.96666667 1.         1.
 0.96666667 1.         1.         1.         1.         1.
 0.93333333 1.         0.96666667 1.         0.96666667 1.
 1.         1.         1.         0.96774194 1.         0.96666667
 0.96666667 0.96666667 0.96666667 1.         1.         1.
 0.96774194 0.96774194 1.         1.         1.         1.
 0.93333333 1.         1.         1.        ]
Mean accuracy: 0.98247311827957
Dev: 0.02309876645859885


RF_mix_NM Cross-Validation Results accuracy:
 [0.96774194 0.96774194 1.         1.         1.         1.
 1.         1.         1.         1.         1.         1.
 1.         1.         1.         0.96666667 1.         1.
 0.96666667 1.         1.         0.96774194 1.         1.
 1.         1.         1.         1.         1.         1.
 1.         1.         1.         0.93333333 1.         1.
 0.96666667 1.         1.         1.         1.         1.
 1.         0.96666667 1.         1.         1.         0.96666667
 1.         1.         1.         1.         1.         1.
 1.         1.         1.         1.         1.         0.96666667
 1.         1.         0.96666667 0.96666667 1.         1.
 1.         0.96666667 1.         1.         1.         1.
 1.         0.96666667 1.         1.         0.96666667 1.
 1.         1.         1.         1.         1.         1.
 1.         1.         0.96666667 1.         1.         1.
 1.         1.         1.         0.96666667 1.         0.96666667
 0.96666667 1.         1.         1.        ]
Mean accuracy: 0.9933655913978495
Dev: 0.01408237250610224


RF_smote_NM Cross-Validation Results accuracy:
 [0.96774194 0.93548387 1.         1.         1.         1.
 1.         1.         1.         1.         1.         0.96774194
 1.         1.         1.         1.         1.         1.
 0.96666667 1.         1.         0.96774194 1.         1.
 1.         1.         1.         1.         1.         1.
 1.         1.         1.         0.96666667 1.         1.
 1.         1.         1.         1.         1.         1.
 1.         0.96666667 1.         1.         1.         1.
 1.         1.         1.         1.         1.         1.
 1.         1.         1.         1.         1.         0.96666667
 1.         1.         1.         0.96666667 1.         1.
 1.         1.         1.         1.         1.         1.
 1.         0.96666667 1.         0.96666667 0.96666667 1.
 1.         1.         1.         1.         1.         1.
 0.96666667 1.         0.96666667 1.         1.         1.
 1.         1.         1.         1.         1.         1.
 0.96666667 1.         1.         1.        ]
Mean accuracy: 0.9947204301075269
Dev: 0.012930164531651774


RF_GAN_NM Cross-Validation Results accuracy:
 [0.96774194 1.         1.         1.         0.96666667 1.
 0.96666667 0.96666667 1.         1.         1.         0.96774194
 1.         1.         1.         1.         1.         0.96666667
 0.93333333 1.         1.         0.93548387 1.         1.
 0.96666667 1.         1.         1.         0.96666667 1.
 1.         1.         0.96666667 0.96666667 0.96666667 1.
 0.96666667 1.         1.         1.         1.         1.
 1.         0.96666667 1.         0.96666667 1.         1.
 0.96666667 0.96666667 1.         1.         1.         1.
 1.         1.         1.         0.96666667 0.96666667 0.9
 1.         0.96774194 0.96666667 0.96666667 1.         1.
 1.         1.         1.         0.96666667 1.         0.96774194
 1.         1.         1.         1.         0.96666667 1.
 1.         1.         1.         1.         1.         1.
 0.96666667 0.96666667 0.96666667 0.96666667 0.96666667 1.
 0.96774194 1.         1.         0.96666667 0.96666667 1.
 0.96666667 1.         1.         1.        ]
Mean accuracy: 0.9867419354838711
Dev: 0.019324381651455825


RF_borderline_NM Cross-Validation Results accuracy:
 [0.96774194 1.         1.         1.         0.96666667 1.
 1.         1.         1.         1.         1.         1.
 1.         1.         1.         1.         0.96666667 1.
 0.96666667 1.         1.         0.96774194 1.         1.
 1.         1.         1.         1.         1.         1.
 1.         1.         1.         0.96666667 1.         1.
 1.         1.         1.         1.         1.         1.
 1.         0.96666667 1.         1.         1.         1.
 1.         1.         1.         1.         0.96666667 1.
 1.         1.         1.         1.         1.         0.96666667
 1.         1.         1.         0.96666667 1.         1.
 1.         1.         1.         1.         1.         1.
 1.         1.         1.         1.         0.96666667 1.
 1.         1.         1.         1.         1.         1.
 1.         1.         0.96666667 1.         1.         1.
 1.         1.         1.         1.         0.96666667 1.
 0.96666667 1.         1.         1.        ]
Mean accuracy: 0.9953548387096773
Dev: 0.011513794528597283


RF_mix_KM Cross-Validation Results accuracy:
 [0.96774194 1.         0.96666667 1.         1.         0.96666667
 1.         1.         1.         1.         0.96774194 1.
 1.         0.96666667 1.         1.         0.96666667 0.96666667
 1.         1.         0.96774194 1.         1.         1.
 1.         1.         0.96666667 0.96666667 1.         0.96666667
 1.         1.         1.         1.         1.         0.96666667
 0.96666667 1.         1.         0.96666667 1.         1.
 0.96666667 1.         1.         1.         1.         1.
 1.         0.96666667 1.         1.         1.         1.
 1.         1.         0.96666667 1.         0.96666667 1.
 1.         1.         0.96666667 0.96666667 1.         1.
 1.         1.         1.         1.         1.         1.
 1.         0.96666667 1.         1.         0.96666667 0.96666667
 1.         1.         1.         0.93548387 1.         1.
 0.96666667 1.         1.         1.         1.         0.96666667
 1.         0.96774194 1.         1.         1.         1.
 0.96666667 1.         1.         1.        ]
Mean accuracy: 0.9903978494623655
Dev: 0.015703530772227692


RF_smote_KM Cross-Validation Results accuracy:
 [0.96774194 1.         0.93333333 1.         1.         1.
 1.         1.         1.         1.         0.96774194 1.
 1.         0.96666667 1.         1.         1.         0.96666667
 1.         1.         1.         1.         1.         1.
 1.         1.         0.96666667 0.96666667 0.96666667 1.
 1.         1.         1.         1.         1.         0.96666667
 0.93333333 1.         1.         1.         1.         1.
 0.96666667 1.         1.         1.         1.         1.
 0.96666667 0.96666667 1.         1.         1.         1.
 1.         1.         0.96666667 1.         0.93333333 1.
 1.         1.         0.93333333 0.96666667 1.         1.
 1.         0.96666667 1.         1.         1.         1.
 1.         0.96666667 0.96666667 1.         0.96666667 0.96666667
 1.         1.         1.         0.96774194 1.         1.
 1.         1.         1.         1.         1.         0.93333333
 1.         0.96774194 1.         1.         0.96666667 1.
 0.96666667 1.         1.         1.        ]
Mean accuracy: 0.9893763440860215
Dev: 0.018734552738100835


RF_GAN_KM Cross-Validation Results accuracy:
 [0.93548387 1.         0.96666667 1.         1.         0.96666667
 1.         0.96666667 1.         0.96666667 1.         1.
 1.         0.93333333 0.96666667 1.         0.96666667 0.96666667
 0.96666667 1.         0.93548387 1.         0.96666667 1.
 1.         1.         0.96666667 1.         1.         1.
 1.         1.         1.         1.         0.96666667 1.
 0.96666667 0.96666667 1.         0.96666667 0.96774194 0.96774194
 0.93333333 1.         1.         1.         1.         1.
 1.         0.96666667 0.96774194 1.         1.         1.
 0.96666667 1.         0.96666667 1.         0.93333333 1.
 1.         0.96774194 0.96666667 0.96666667 1.         1.
 0.93333333 0.96666667 1.         1.         1.         1.
 0.93333333 1.         1.         0.96666667 0.96666667 0.96666667
 1.         1.         1.         0.93548387 1.         1.
 0.96666667 1.         1.         0.96666667 1.         0.96666667
 1.         0.93548387 0.93333333 1.         1.         1.
 0.96666667 1.         1.         1.        ]
Mean accuracy: 0.9831290322580645
Dev: 0.022139414160780944


RF_borderline_KM Cross-Validation Results accuracy:
 [0.96774194 1.         0.96666667 1.         1.         1.
 1.         0.96666667 1.         1.         1.         1.
 1.         0.96666667 1.         0.96666667 1.         0.96666667
 1.         1.         1.         1.         1.         1.
 0.96666667 1.         0.96666667 0.96666667 1.         0.96666667
 1.         1.         1.         0.96666667 1.         0.96666667
 0.96666667 1.         1.         0.96666667 1.         0.96774194
 0.96666667 1.         1.         1.         1.         1.
 1.         0.96666667 0.96774194 1.         1.         1.
 1.         1.         0.96666667 1.         0.96666667 1.
 0.96774194 1.         0.96666667 0.96666667 1.         1.
 1.         1.         1.         1.         1.         1.
 0.96666667 0.93333333 1.         1.         0.96666667 0.96666667
 1.         1.         1.         0.96774194 1.         1.
 1.         1.         0.96666667 1.         1.         0.96666667
 1.         0.96774194 1.         1.         1.         1.
 0.96666667 0.96666667 1.         1.        ]
Mean accuracy: 0.9887311827956989
Dev: 0.016394573972170968


RF_mix_CC Cross-Validation Results accuracy:
 [0.96774194 1.         1.         1.         1.         1.
 0.96666667 1.         0.96666667 1.         1.         0.96774194
 1.         1.         1.         1.         1.         1.
 0.93333333 1.         1.         0.93548387 1.         1.
 1.         1.         1.         1.         1.         1.
 1.         1.         0.96666667 0.96666667 0.96666667 1.
 1.         1.         1.         1.         1.         1.
 0.96666667 0.96666667 1.         0.96666667 1.         0.96666667
 1.         1.         1.         1.         1.         1.
 1.         0.96666667 1.         1.         0.96666667 0.93333333
 1.         0.96774194 1.         0.96666667 1.         0.96666667
 1.         1.         1.         1.         0.96774194 0.96774194
 0.96666667 1.         1.         1.         0.93333333 1.
 1.         1.         1.         1.         1.         1.
 0.96666667 1.         0.96666667 1.         1.         1.
 0.96774194 1.         1.         1.         1.         1.
 0.96666667 1.         1.         1.        ]
Mean accuracy: 0.989752688172043
Dev: 0.017924092589459283


RF_smote_CC Cross-Validation Results accuracy:
 [0.96774194 1.         1.         1.         1.         1.
 0.93333333 1.         1.         0.96666667 1.         1.
 0.96666667 1.         1.         1.         1.         1.
 0.93333333 1.         1.         0.93548387 1.         1.
 1.         0.96666667 1.         1.         1.         1.
 1.         1.         1.         0.96666667 0.96666667 1.
 1.         0.96666667 1.         1.         1.         1.
 1.         0.96666667 0.96666667 0.96666667 1.         1.
 1.         1.         1.         1.         0.96666667 1.
 1.         1.         1.         1.         0.96666667 0.96666667
 1.         0.96774194 1.         0.96666667 1.         1.
 1.         1.         1.         0.96666667 1.         1.
 1.         1.         1.         1.         0.93333333 0.96666667
 1.         1.         1.         1.         1.         1.
 0.96666667 1.         0.93333333 1.         1.         1.
 0.96774194 1.         1.         0.96666667 1.         1.
 0.96666667 1.         1.         1.        ]
Mean accuracy: 0.989720430107527
Dev: 0.018572803004565843


RF_GAN_CC Cross-Validation Results accuracy:
 [0.93548387 1.         1.         1.         0.96666667 0.93333333
 0.96666667 1.         1.         1.         1.         1.
 0.96666667 1.         1.         0.96666667 1.         1.
 0.93333333 1.         1.         0.93548387 1.         1.
 1.         0.96666667 1.         1.         1.         1.
 1.         0.96774194 1.         0.96666667 0.96666667 1.
 0.96666667 1.         1.         0.96666667 0.96774194 1.
 1.         0.96666667 1.         0.96666667 1.         1.
 1.         0.96666667 1.         0.96774194 1.         0.96666667
 1.         0.96666667 1.         0.96666667 0.96666667 0.96666667
 1.         1.         1.         0.96666667 1.         1.
 1.         1.         0.9        1.         0.96774194 1.
 0.96666667 1.         1.         1.         0.93333333 1.
 1.         0.96666667 0.93548387 1.         1.         1.
 1.         1.         0.96666667 0.96666667 1.         1.
 0.96774194 1.         0.96666667 1.         0.96666667 1.
 0.96666667 1.         0.96666667 1.        ]
Mean accuracy: 0.9847849462365592
Dev: 0.02162460230092967


RF_borderline_CC Cross-Validation Results accuracy:
 [0.96774194 1.         1.         1.         1.         1.
 0.96666667 0.96666667 1.         1.         0.96774194 1.
 1.         1.         1.         1.         1.         1.
 0.9        1.         1.         0.90322581 1.         1.
 1.         1.         1.         1.         1.         1.
 1.         1.         1.         0.96666667 0.96666667 0.96666667
 0.96666667 1.         1.         1.         1.         0.96774194
 1.         0.96666667 1.         0.96666667 1.         1.
 1.         1.         1.         1.         1.         0.96666667
 1.         1.         0.96666667 0.96666667 0.96666667 0.96666667
 0.96774194 0.96774194 1.         0.96666667 1.         1.
 1.         1.         1.         1.         1.         1.
 0.96666667 1.         1.         1.         0.93333333 1.
 1.         1.         1.         0.96774194 1.         0.96666667
 0.96666667 1.         0.96666667 1.         1.         1.
 0.96774194 1.         1.         1.         1.         1.
 0.93333333 0.96666667 1.         1.        ]
Mean accuracy: 0.9881075268817204
Dev: 0.020617039538771722


