DT Cross-Validation Results accuracy:
 [0.9        1.         1.         1.         1.         1.
 0.9        1.         1.         1.         1.         1.
 1.         1.         1.         0.85       1.         1.
 1.         1.         1.         1.         1.         1.
 1.         1.         0.9        1.         1.         1.
 1.         0.95       1.         1.         0.95       0.95
 1.         1.         1.         1.         0.95       0.9
 0.95       1.         0.95       1.         1.         1.
 1.         1.         1.         1.         1.         1.
 0.95       1.         0.85       0.94736842 1.         1.
 0.95       0.95       1.         1.         1.         1.
 1.         1.         1.         0.94736842 0.9        1.
 0.95       1.         1.         1.         1.         0.94736842
 1.         1.         1.         1.         0.9        0.85
 1.         1.         1.         1.         0.89473684 1.
 1.         1.         0.95       1.         1.         0.95
 1.         1.         1.         1.        ]
Mean accuracy: 0.9808684210526316
Dev: 0.03745515323897534


DT_KM_C Cross-Validation Results accuracy:
 [0.96774194 1.         1.         1.         0.96666667 1.
 0.96666667 1.         1.         0.93333333 0.96774194 0.96774194
 1.         0.96666667 1.         1.         1.         0.96666667
 1.         1.         1.         1.         1.         1.
 1.         1.         0.96666667 0.96666667 1.         0.93333333
 1.         1.         0.96666667 1.         0.93333333 0.96666667
 0.96666667 1.         1.         1.         0.93548387 1.
 0.96666667 1.         1.         0.96666667 1.         1.
 0.93333333 0.96666667 0.96774194 1.         1.         1.
 1.         1.         1.         1.         0.96666667 0.96666667
 1.         1.         0.9        0.93333333 1.         1.
 1.         1.         1.         0.96666667 1.         1.
 0.96666667 0.93333333 1.         1.         1.         0.93333333
 0.96666667 1.         1.         0.93548387 1.         1.
 1.         1.         0.96666667 1.         1.         0.96666667
 1.         0.96774194 1.         0.96666667 1.         1.
 0.96666667 1.         1.         0.96666667]
Mean accuracy: 0.9840967741935485
Dev: 0.0231930748053604


DT_KM_NN Cross-Validation Results accuracy:
 [0.96774194 0.96774194 0.96774194 1.         0.96666667 1.
 0.96666667 1.         1.         0.96666667 1.         1.
 1.         0.96666667 0.9        1.         1.         0.9
 1.         0.96666667 1.         0.96774194 1.         1.
 1.         1.         0.96666667 1.         0.96666667 0.93333333
 1.         1.         0.96774194 1.         1.         0.96666667
 0.96666667 1.         1.         0.96666667 0.96774194 1.
 0.96774194 1.         1.         0.96666667 1.         1.
 1.         0.96666667 1.         0.96774194 1.         1.
 1.         1.         1.         0.93333333 0.96666667 0.96666667
 1.         1.         1.         1.         1.         0.96666667
 0.96666667 0.96666667 1.         0.96666667 1.         1.
 0.96774194 1.         0.96666667 0.96666667 0.96666667 1.
 0.96666667 1.         1.         0.93548387 1.         1.
 1.         1.         0.96666667 1.         1.         0.96666667
 0.96774194 1.         0.93548387 1.         1.         1.
 1.         0.93333333 1.         1.        ]
Mean accuracy: 0.9834838709677419
Dev: 0.02268308560422536


DT_KM_COS Cross-Validation Results accuracy:
 [0.96774194 1.         0.96666667 1.         0.96666667 1.
 0.96666667 1.         0.96666667 0.96666667 1.         0.96774194
 1.         0.96666667 1.         1.         1.         0.93333333
 0.96666667 1.         1.         1.         1.         1.
 1.         1.         0.93333333 0.96666667 1.         0.93333333
 1.         1.         0.96666667 1.         0.96666667 0.96666667
 0.96666667 1.         1.         1.         0.96774194 1.
 1.         1.         0.96666667 0.96666667 1.         1.
 1.         0.96666667 0.96774194 1.         1.         1.
 1.         1.         1.         1.         0.96666667 0.93333333
 1.         1.         0.9        0.93333333 1.         1.
 1.         1.         1.         1.         1.         1.
 1.         0.93333333 1.         1.         1.         0.96666667
 0.96666667 1.         1.         0.93548387 0.96666667 1.
 1.         1.         0.96666667 1.         1.         1.
 1.         0.93548387 1.         0.96666667 1.         1.
 0.96666667 1.         1.         1.        ]
Mean accuracy: 0.9850860215053764
Dev: 0.022661736114698346


DT_KM_COS_MAHA Cross-Validation Results accuracy:
 [0.96774194 1.         0.96774194 1.         1.         1.
 0.96666667 1.         0.96666667 0.96666667 1.         1.
 1.         1.         1.         1.         1.         0.93333333
 1.         0.96666667 1.         0.96774194 1.         1.
 1.         1.         0.96666667 1.         0.96666667 0.93333333
 1.         0.96774194 0.96774194 1.         1.         0.96666667
 0.96666667 0.96666667 1.         0.96666667 0.96774194 1.
 0.96774194 0.96666667 1.         0.96666667 1.         1.
 0.96666667 0.96666667 1.         0.96774194 1.         1.
 1.         1.         1.         0.96666667 0.96666667 0.96666667
 1.         1.         0.96774194 1.         1.         0.96666667
 0.96666667 0.96666667 1.         0.96666667 1.         1.
 1.         1.         1.         0.93333333 0.96666667 1.
 0.96666667 1.         1.         0.96774194 1.         1.
 1.         1.         0.96666667 1.         1.         0.96666667
 1.         1.         0.96774194 1.         1.         1.
 1.         0.96666667 1.         1.        ]
Mean accuracy: 0.9857849462365591
Dev: 0.018292582338769167


DT_HDBSCAN_NN Cross-Validation Results accuracy:
 [0.96774194 1.         1.         1.         1.         0.96666667
 0.93333333 1.         1.         0.96666667 0.96774194 1.
 1.         0.96666667 0.96666667 1.         1.         0.9
 1.         1.         1.         0.96774194 0.96774194 1.
 0.96666667 1.         1.         1.         1.         0.96666667
 1.         1.         1.         1.         0.96666667 1.
 0.96666667 1.         0.96666667 0.96666667 0.96774194 1.
 1.         0.96666667 1.         0.96666667 1.         0.96666667
 1.         0.96666667 1.         0.96774194 1.         1.
 1.         1.         0.96666667 0.96666667 0.96666667 0.96666667
 1.         1.         1.         1.         1.         0.96666667
 1.         0.96666667 0.96666667 0.96666667 0.96774194 1.
 0.96774194 1.         1.         1.         0.96666667 1.
 0.93333333 1.         0.96774194 0.96774194 1.         0.96666667
 1.         0.96666667 0.96666667 1.         1.         0.96666667
 1.         1.         0.93548387 0.93333333 0.96666667 1.
 1.         0.96666667 1.         1.        ]
Mean accuracy: 0.9834623655913979
Dev: 0.02068196763871169


DT_HDBSCAN_COS Cross-Validation Results accuracy:
 [0.96774194 1.         1.         1.         1.         1.
 0.96666667 1.         1.         0.96666667 1.         0.96774194
 1.         1.         1.         1.         1.         0.93333333
 0.96666667 1.         1.         1.         1.         0.96666667
 1.         1.         0.96666667 0.96666667 1.         0.93333333
 1.         1.         1.         1.         0.96666667 1.
 0.96666667 0.96666667 1.         1.         0.96774194 1.
 1.         1.         1.         1.         1.         0.96666667
 1.         0.96666667 1.         1.         1.         1.
 1.         1.         0.96666667 1.         0.96666667 0.96666667
 1.         1.         0.9        0.96666667 1.         1.
 1.         1.         1.         1.         1.         1.
 0.96666667 0.93333333 1.         1.         1.         0.96666667
 0.96666667 1.         1.         0.93548387 0.96666667 1.
 1.         1.         0.96666667 1.         1.         1.
 1.         0.93548387 1.         0.96666667 1.         1.
 1.         1.         1.         1.        ]
Mean accuracy: 0.987741935483871
Dev: 0.020757423271712375


DT_KM_SCAN_NN Cross-Validation Results accuracy:
 [0.96774194 1.         1.         1.         1.         1.
 0.96666667 1.         1.         1.         1.         0.96774194
 1.         0.96666667 1.         1.         1.         0.96666667
 1.         1.         1.         1.         1.         0.96666667
 1.         1.         0.96666667 1.         1.         0.96666667
 1.         1.         1.         1.         0.96666667 1.
 0.96666667 1.         1.         1.         0.96774194 1.
 1.         1.         1.         1.         1.         0.96666667
 1.         0.96666667 0.96774194 1.         1.         1.
 1.         1.         1.         0.96666667 0.96666667 0.96666667
 1.         1.         0.9        0.93333333 1.         1.
 1.         1.         1.         1.         1.         1.
 1.         0.93333333 1.         1.         1.         0.96666667
 0.96666667 1.         1.         0.93548387 0.96666667 1.
 1.         1.         1.         1.         1.         1.
 1.         0.96774194 1.         0.96666667 1.         1.
 1.         1.         1.         1.        ]
Mean accuracy: 0.9897419354838709
Dev: 0.019136413862845855


DT_KM_SCAN_COS Cross-Validation Results accuracy:
 [0.96774194 1.         0.93333333 1.         1.         0.96666667
 0.96666667 1.         1.         0.96666667 1.         0.96774194
 1.         0.96666667 1.         1.         1.         0.93333333
 0.9        1.         1.         1.         0.96666667 0.96666667
 1.         1.         0.96666667 0.96666667 1.         0.93333333
 1.         1.         0.96666667 1.         0.96666667 0.93333333
 0.96666667 0.96666667 1.         1.         0.96774194 1.
 0.96666667 1.         1.         0.93333333 1.         0.96666667
 1.         0.96666667 0.96774194 1.         1.         1.
 1.         0.96666667 0.96666667 0.96666667 0.96666667 0.96666667
 0.96774194 1.         0.9        0.96666667 1.         1.
 1.         1.         1.         1.         0.96774194 0.96774194
 1.         0.93333333 1.         0.96666667 0.96666667 0.96666667
 0.96666667 1.         1.         0.93548387 0.96666667 0.96666667
 1.         1.         0.96666667 1.         0.96666667 0.96666667
 1.         0.93548387 1.         0.96666667 1.         1.
 0.96666667 1.         1.         1.        ]
Mean accuracy: 0.9797849462365592
Dev: 0.023867577013857715


DT_KM_SCAN_COS_MAHA Cross-Validation Results accuracy:
 [0.96774194 1.         0.96666667 1.         1.         1.
 0.96666667 1.         1.         0.96666667 1.         0.96774194
 1.         0.96666667 1.         1.         1.         0.96666667
 0.9        1.         1.         1.         1.         1.
 1.         1.         0.96666667 0.96666667 0.96666667 0.96666667
 1.         1.         1.         1.         0.96666667 0.96666667
 0.9        1.         1.         1.         0.96774194 1.
 0.96666667 1.         1.         1.         0.93333333 1.
 0.96666667 0.96666667 1.         1.         1.         1.
 1.         1.         0.96666667 1.         0.96666667 0.96666667
 1.         1.         0.9        0.93333333 1.         1.
 1.         1.         1.         0.96666667 1.         1.
 1.         0.93333333 1.         1.         0.96666667 0.96666667
 0.96666667 1.         1.         0.93548387 1.         1.
 1.         1.         1.         1.         1.         1.
 1.         0.96774194 1.         0.96666667 1.         1.
 0.96666667 1.         1.         0.96666667]
Mean accuracy: 0.9850645161290325
Dev: 0.023668078495015215


RF Cross-Validation Results accuracy:
 [0.9        0.95       1.         1.         0.95       0.95
 0.85       0.94736842 1.         0.94736842 1.         1.
 1.         0.9        0.9        0.85       0.95       0.94736842
 1.         1.         1.         1.         0.9        0.95
 0.95       1.         0.9        1.         0.89473684 0.94736842
 0.95       0.95       0.95       1.         0.95       0.8
 1.         0.94736842 1.         1.         0.9        0.9
 0.9        1.         1.         1.         0.95       0.94736842
 0.94736842 0.94736842 1.         1.         0.95       0.95
 0.95       1.         0.85       0.89473684 0.94736842 1.
 0.9        0.9        0.9        0.95       0.95       1.
 1.         1.         0.94736842 0.89473684 0.9        0.95
 0.95       1.         0.95       0.95       0.95       0.89473684
 1.         1.         0.9        1.         0.95       0.8
 1.         0.9        1.         0.94736842 0.94736842 1.
 0.95       0.95       0.95       0.95       1.         0.95
 0.85       1.         0.94736842 0.94736842]
Mean accuracy: 0.9509210526315789
Dev: 0.04687517312987418


RF_KM_C Cross-Validation Results accuracy:
 [0.96774194 1.         0.96666667 1.         0.96666667 1.
 0.93333333 1.         0.96666667 1.         0.96774194 0.93548387
 1.         0.96666667 1.         1.         1.         0.93333333
 0.96666667 1.         0.96774194 1.         1.         1.
 1.         1.         0.96666667 0.96666667 0.96666667 0.93333333
 1.         1.         1.         0.96666667 0.96666667 0.93333333
 0.96666667 0.96666667 1.         1.         0.96774194 1.
 0.96666667 1.         0.96666667 1.         1.         0.96666667
 1.         0.93333333 0.96774194 1.         0.96666667 1.
 1.         0.93333333 0.96666667 0.96666667 0.96666667 0.96666667
 1.         1.         0.93333333 0.93333333 1.         1.
 1.         1.         0.96666667 1.         1.         0.96774194
 0.96666667 0.96666667 1.         1.         0.96666667 0.93333333
 0.96666667 1.         1.         0.93548387 0.96666667 1.
 0.9        1.         1.         0.96666667 1.         0.96666667
 1.         0.96774194 1.         0.96666667 1.         1.
 0.93333333 1.         1.         0.96666667]
Mean accuracy: 0.9787849462365592
Dev: 0.02416167793306381


RF_KM_NN Cross-Validation Results accuracy:
 [0.96774194 1.         0.96666667 1.         0.96666667 1.
 0.93333333 1.         1.         1.         1.         0.96774194
 1.         0.96666667 1.         1.         1.         0.93333333
 0.96666667 1.         1.         1.         1.         0.96666667
 1.         1.         0.96666667 0.96666667 0.96666667 0.93333333
 1.         1.         1.         1.         0.96666667 0.93333333
 0.96666667 0.96666667 1.         0.96666667 0.96774194 1.
 0.96666667 1.         0.96666667 1.         1.         0.96666667
 1.         0.96666667 1.         1.         0.96666667 1.
 1.         1.         0.96666667 0.96666667 0.96666667 0.96666667
 1.         1.         0.9        0.93333333 1.         1.
 1.         1.         0.96666667 1.         1.         1.
 0.96666667 0.96666667 1.         1.         0.96666667 0.96666667
 0.96666667 1.         1.         0.93548387 0.96666667 1.
 0.9        1.         1.         0.96666667 1.         0.96666667
 1.         0.96774194 1.         0.96666667 1.         1.
 0.93333333 1.         1.         0.96666667]
Mean accuracy: 0.9813978494623657
Dev: 0.02365224800528587


RF_KM_COS Cross-Validation Results accuracy:
 [0.96774194 1.         0.96666667 1.         0.96666667 1.
 0.93333333 1.         1.         1.         1.         0.96774194
 1.         0.96666667 1.         1.         1.         0.93333333
 0.96666667 1.         1.         1.         1.         1.
 1.         1.         0.96666667 0.96666667 0.96666667 0.93333333
 1.         1.         1.         1.         0.96666667 0.93333333
 0.96666667 0.96666667 1.         1.         0.96774194 1.
 0.96666667 1.         0.96666667 1.         1.         0.96666667
 1.         0.93333333 1.         1.         0.96666667 1.
 1.         1.         0.96666667 0.96666667 0.96666667 0.96666667
 1.         1.         0.93333333 0.93333333 1.         1.
 1.         1.         0.96666667 1.         1.         1.
 0.96666667 0.93333333 1.         1.         0.96666667 0.96666667
 0.96666667 1.         1.         0.93548387 0.96666667 1.
 0.93333333 1.         1.         1.         1.         0.96666667
 1.         0.96774194 1.         0.96666667 1.         1.
 0.93333333 1.         1.         0.96666667]
Mean accuracy: 0.9823978494623656
Dev: 0.022756435551312522


RF_KM_COS_MAHA Cross-Validation Results accuracy:
 [0.96774194 1.         0.96666667 1.         0.96666667 0.96666667
 0.93333333 1.         1.         1.         1.         0.96774194
 1.         0.96666667 1.         0.96666667 1.         0.93333333
 0.96666667 1.         1.         0.96774194 1.         0.96666667
 1.         1.         0.96666667 0.96666667 0.96666667 0.93333333
 1.         1.         1.         1.         1.         0.93333333
 0.96666667 0.96666667 1.         1.         0.96774194 0.96774194
 0.96666667 0.96666667 0.96666667 1.         1.         0.96666667
 1.         0.93333333 0.96774194 1.         0.96666667 1.
 0.96666667 1.         0.96666667 0.96666667 0.96666667 0.96666667
 1.         1.         0.93333333 0.93333333 0.96666667 1.
 1.         1.         0.96666667 1.         1.         1.
 0.96666667 0.93333333 1.         1.         0.96666667 0.96666667
 0.96666667 1.         1.         0.93548387 0.96666667 1.
 0.9        1.         1.         1.         1.         0.96666667
 1.         0.96774194 1.         0.96666667 0.96666667 0.93333333
 0.93333333 1.         1.         0.96666667]
Mean accuracy: 0.9784301075268819
Dev: 0.02367097272410173


RF_HDBSCAN_NN Cross-Validation Results accuracy:
 [0.96774194 1.         0.93548387 1.         0.96666667 0.96666667
 0.93333333 0.93333333 1.         0.96666667 1.         0.93548387
 1.         0.96666667 1.         1.         1.         0.9
 1.         0.96666667 1.         0.93548387 0.96774194 1.
 0.96666667 1.         1.         0.96666667 0.96666667 0.93333333
 0.96774194 0.96774194 1.         0.96666667 1.         0.93333333
 0.96666667 1.         0.96666667 0.93333333 0.96774194 1.
 0.93548387 0.96666667 0.96666667 1.         0.96666667 0.96666667
 0.96666667 0.96666667 0.96774194 0.96774194 1.         1.
 0.93333333 1.         0.96666667 0.9        1.         0.96666667
 0.83870968 1.         1.         0.96666667 1.         0.96666667
 0.96666667 0.96666667 0.96666667 1.         1.         0.96774194
 0.96774194 1.         0.93333333 0.96666667 0.96666667 1.
 0.96666667 0.96666667 0.96774194 0.93548387 0.96774194 0.96666667
 1.         0.93333333 0.96666667 0.96666667 1.         1.
 0.96774194 0.96774194 0.96774194 0.93333333 0.96666667 1.
 1.         0.9        1.         1.        ]
Mean accuracy: 0.970978494623656
Dev: 0.02876198167336815


RF_HDBSCAN_COS Cross-Validation Results accuracy:
 [0.96774194 1.         0.96774194 1.         0.96666667 0.96666667
 0.93333333 0.93333333 1.         0.96666667 1.         0.96774194
 1.         0.96666667 1.         1.         1.         0.9
 1.         0.96666667 1.         0.96774194 0.96774194 1.
 0.96666667 1.         1.         0.96666667 0.96666667 0.93333333
 0.96774194 0.96774194 1.         1.         1.         0.93333333
 0.96666667 1.         0.96666667 0.93333333 0.96774194 1.
 0.93548387 0.96666667 0.96666667 1.         1.         0.96666667
 0.96666667 0.96666667 0.96774194 0.96774194 1.         1.
 1.         1.         0.96666667 0.93333333 1.         0.96666667
 0.83870968 1.         1.         0.96666667 1.         0.96666667
 0.96666667 0.96666667 0.96666667 1.         1.         0.96774194
 0.96774194 1.         0.93333333 1.         0.96666667 1.
 0.96666667 1.         0.96774194 0.93548387 0.96774194 0.96666667
 1.         0.93333333 0.96666667 1.         1.         1.
 1.         0.96774194 0.96774194 0.93333333 0.93333333 0.96666667
 1.         0.86666667 1.         1.        ]
Mean accuracy: 0.9739354838709677
Dev: 0.029201862219415793


RF_KM_SCAN_NN Cross-Validation Results accuracy:
 [0.96774194 1.         0.96774194 1.         0.96666667 1.
 0.9        1.         1.         1.         1.         1.
 1.         1.         1.         1.         1.         0.9
 1.         0.96666667 1.         0.96774194 1.         1.
 0.96666667 1.         1.         1.         0.96666667 0.93333333
 1.         0.96774194 1.         1.         1.         0.93333333
 0.96666667 1.         1.         0.96666667 0.96774194 1.
 0.93548387 1.         0.96666667 1.         1.         0.96666667
 1.         0.96666667 0.96774194 0.96774194 1.         1.
 1.         1.         0.96666667 0.93333333 1.         0.96666667
 0.93548387 1.         1.         1.         0.96666667 0.96666667
 0.96666667 0.96666667 0.96666667 1.         1.         1.
 0.96774194 1.         0.96666667 0.96666667 0.96666667 1.
 0.96666667 0.96666667 1.         0.93548387 0.96774194 1.
 1.         0.96666667 0.96666667 1.         0.96666667 1.
 1.         1.         0.96774194 0.96666667 1.         1.
 1.         0.86666667 1.         1.        ]
Mean accuracy: 0.9811720430107527
Dev: 0.025755098995962435


RF_KM_SCAN_COS Cross-Validation Results accuracy:
 [0.96774194 1.         0.96774194 1.         0.96666667 1.
 0.93333333 1.         1.         1.         1.         0.96774194
 1.         1.         1.         1.         1.         0.9
 1.         0.96666667 1.         0.96774194 1.         1.
 0.96666667 1.         1.         1.         0.96666667 0.93333333
 1.         0.96774194 1.         0.96666667 1.         0.93333333
 0.96666667 1.         1.         0.93333333 0.96774194 1.
 0.96774194 1.         0.96666667 1.         1.         0.96666667
 1.         0.9        1.         0.96774194 1.         1.
 1.         1.         0.96666667 0.93333333 1.         0.96666667
 0.96774194 1.         1.         1.         1.         0.96666667
 0.96666667 0.96666667 0.96666667 1.         1.         1.
 0.96774194 1.         0.96666667 1.         0.96666667 1.
 0.96666667 0.96666667 1.         0.93548387 0.96774194 1.
 1.         0.96666667 0.96666667 1.         1.         1.
 1.         1.         0.96774194 0.96666667 0.96666667 0.93333333
 1.         0.9        1.         1.        ]
Mean accuracy: 0.9811505376344087
Dev: 0.024945983962384472


RF_KM_SCAN_COS_MAHA Cross-Validation Results accuracy:
 [0.96774194 1.         0.96666667 1.         0.96666667 1.
 0.93333333 1.         1.         1.         1.         0.96774194
 1.         0.96666667 1.         1.         1.         0.93333333
 0.9        1.         1.         1.         1.         1.
 1.         1.         0.96666667 0.96666667 0.96666667 0.93333333
 1.         1.         1.         1.         0.96666667 0.93333333
 0.93333333 0.96666667 1.         0.96666667 0.96774194 1.
 0.96666667 1.         0.96666667 1.         1.         0.96666667
 1.         0.96666667 1.         1.         0.96666667 1.
 1.         1.         0.93333333 0.96666667 0.96666667 0.96666667
 0.96774194 1.         0.93333333 0.93333333 1.         1.
 1.         1.         0.96666667 0.93333333 1.         1.
 0.96666667 0.93333333 1.         1.         0.96666667 0.93333333
 0.96666667 1.         1.         0.93548387 0.96666667 1.
 0.96666667 1.         1.         1.         1.         0.96666667
 1.         0.96774194 1.         0.93333333 1.         1.
 0.93333333 1.         1.         1.        ]
Mean accuracy: 0.9800752688172045
Dev: 0.025319991649034555


XGB Cross-Validation Results accuracy:
 [0.85       0.95       1.         0.95       1.         0.95
 0.9        1.         1.         1.         1.         0.95
 1.         1.         0.95       0.85       1.         1.
 1.         0.94736842 1.         1.         1.         1.
 1.         1.         0.9        1.         1.         0.94736842
 1.         0.95       1.         1.         0.95       0.95
 0.95       0.94736842 1.         1.         0.95       0.95
 0.9        1.         1.         0.95       1.         1.
 1.         1.         1.         1.         1.         1.
 0.95       0.95       0.9        0.89473684 1.         1.
 0.9        1.         0.95       0.95       1.         1.
 1.         1.         1.         0.94736842 0.9        1.
 0.95       1.         1.         1.         0.95       0.94736842
 0.94736842 0.94736842 1.         1.         1.         0.95
 1.         0.95       0.95       0.94736842 0.89473684 1.
 0.95       1.         0.95       1.         1.         0.95
 0.95       1.         0.94736842 1.        ]
Mean accuracy: 0.9716578947368419
Dev: 0.03664204138248715


XGB_KM_C Cross-Validation Results accuracy:
 [0.93548387 0.96774194 0.96666667 1.         0.93333333 0.96666667
 0.96666667 1.         1.         1.         1.         0.90322581
 1.         0.96666667 1.         1.         1.         0.96666667
 0.96666667 0.96666667 0.93548387 1.         0.96666667 1.
 1.         1.         0.9        0.96666667 0.96666667 0.96666667
 1.         1.         1.         0.96666667 0.93333333 0.96666667
 0.96666667 0.96666667 1.         1.         0.90322581 0.96774194
 0.93333333 1.         0.96666667 1.         1.         0.96666667
 1.         0.96666667 1.         0.96774194 1.         0.96666667
 0.96666667 1.         0.93333333 0.93333333 0.96666667 0.96666667
 1.         0.96774194 0.9        0.93333333 1.         0.96666667
 1.         0.96666667 1.         1.         1.         1.
 0.96666667 0.93333333 1.         1.         0.96666667 0.93333333
 0.96666667 1.         1.         0.90322581 0.93333333 0.96666667
 1.         1.         1.         1.         1.         0.96666667
 1.         0.96774194 1.         0.93333333 0.96666667 0.96666667
 0.93333333 1.         1.         0.96666667]
Mean accuracy: 0.9741935483870969
Dev: 0.02819050531874209


XGB_KM_NN Cross-Validation Results accuracy:
 [0.93548387 0.96774194 0.96666667 0.93333333 1.         1.
 1.         1.         1.         1.         1.         0.96774194
 1.         0.96666667 1.         1.         1.         0.96666667
 1.         0.96666667 0.90322581 1.         1.         0.96666667
 1.         1.         0.96666667 0.96666667 0.93333333 1.
 0.96774194 0.96774194 1.         0.96666667 1.         0.96666667
 0.96666667 0.96666667 1.         1.         1.         0.96774194
 0.96666667 1.         0.96666667 0.96666667 1.         1.
 1.         0.96666667 1.         1.         1.         0.96666667
 0.93333333 1.         0.96666667 1.         0.96666667 1.
 1.         1.         0.93333333 0.93333333 1.         1.
 1.         0.93333333 1.         1.         1.         1.
 1.         0.93333333 0.96666667 0.96666667 0.96666667 0.93333333
 1.         1.         0.96774194 0.96774194 1.         0.96666667
 1.         1.         0.96666667 1.         1.         0.93333333
 0.96774194 0.96774194 1.         1.         1.         0.96666667
 0.96666667 1.         0.96666667 1.        ]
Mean accuracy: 0.9808172043010753
Dev: 0.023448612706386002


XGB_KM_COS Cross-Validation Results accuracy:
 [0.96774194 0.93548387 1.         1.         1.         0.96666667
 1.         1.         1.         1.         0.96774194 0.96774194
 1.         0.96666667 1.         0.96666667 1.         0.96666667
 0.96666667 0.96666667 0.93548387 1.         1.         1.
 1.         1.         0.93333333 1.         1.         0.96666667
 0.96774194 1.         1.         0.96666667 0.96666667 1.
 0.96666667 1.         0.96666667 1.         0.96774194 1.
 0.96666667 1.         0.93333333 1.         1.         1.
 1.         0.96666667 1.         0.93548387 1.         0.96666667
 0.96666667 1.         0.96666667 0.96666667 0.96666667 1.
 1.         0.96774194 0.9        0.96666667 1.         0.96666667
 1.         0.96666667 1.         1.         1.         1.
 1.         0.93333333 0.96666667 1.         0.96666667 0.93333333
 1.         1.         1.         0.96774194 0.96666667 0.96666667
 0.96666667 1.         1.         1.         1.         0.93333333
 1.         0.96774194 1.         0.96666667 0.96666667 0.96666667
 0.96666667 1.         1.         0.93333333]
Mean accuracy: 0.980483870967742
Dev: 0.02296164743352712


XGB_KM_COS_MAHA Cross-Validation Results accuracy:
 [0.93548387 0.93548387 0.93333333 1.         1.         0.96666667
 1.         1.         0.96666667 1.         1.         0.93548387
 1.         0.96666667 1.         1.         1.         0.96666667
 0.96666667 0.96666667 0.93548387 1.         1.         1.
 1.         1.         0.9        0.96666667 1.         0.96666667
 0.96774194 1.         1.         0.93333333 0.96666667 0.96666667
 0.96666667 1.         1.         1.         0.96774194 1.
 0.96666667 1.         0.96666667 1.         0.96666667 1.
 1.         0.93333333 0.96774194 0.93548387 1.         1.
 0.96666667 1.         0.96666667 0.96666667 0.96666667 1.
 1.         0.96774194 0.93333333 0.9        1.         0.96666667
 0.96666667 0.96666667 1.         1.         1.         1.
 1.         0.93333333 0.96666667 1.         0.93333333 0.93333333
 0.96666667 1.         1.         0.93548387 1.         0.96666667
 0.96666667 1.         1.         1.         0.93333333 0.93333333
 0.96774194 0.96774194 1.         0.96666667 0.93333333 0.96666667
 0.96666667 1.         1.         1.        ]
Mean accuracy: 0.9761935483870968
Dev: 0.026476087986258008


XGB_HDBSCAN_NN Cross-Validation Results accuracy:
 [0.96774194 0.96774194 0.96666667 1.         0.96666667 0.96666667
 0.96666667 1.         1.         0.96666667 0.93548387 0.93548387
 1.         0.96666667 1.         1.         0.96666667 0.96666667
 1.         1.         0.93548387 1.         1.         0.96666667
 1.         1.         0.9        0.96666667 1.         0.96666667
 0.96774194 1.         1.         0.96666667 0.96666667 0.96666667
 0.96666667 1.         0.96666667 0.96666667 1.         1.
 0.93333333 1.         0.96666667 1.         1.         0.93333333
 1.         0.96666667 1.         0.93548387 1.         1.
 0.96666667 1.         0.96666667 0.96666667 0.96666667 0.93333333
 1.         0.96774194 0.9        0.96666667 0.96666667 0.96666667
 0.96666667 0.96666667 1.         1.         1.         1.
 0.96666667 0.93333333 0.96666667 1.         0.96666667 0.96666667
 0.96666667 1.         1.         0.93548387 0.93333333 0.96666667
 1.         0.96666667 1.         1.         1.         0.96666667
 1.         0.93548387 0.96666667 0.93333333 1.         0.96666667
 0.96666667 1.         1.         1.        ]
Mean accuracy: 0.9758387096774195
Dev: 0.024649446511422098


XGB_HDBSCAN_COS Cross-Validation Results accuracy:
 [0.96774194 0.96774194 0.96666667 1.         0.96666667 1.
 0.96666667 1.         0.93333333 0.96666667 0.93548387 0.96774194
 1.         1.         0.96666667 1.         0.96666667 0.96666667
 1.         1.         0.96774194 1.         1.         0.93333333
 1.         0.96666667 0.9        1.         1.         1.
 0.96774194 1.         1.         0.96666667 0.96666667 1.
 0.96666667 1.         0.96666667 0.96666667 0.96774194 1.
 0.96666667 1.         0.96666667 1.         1.         0.93333333
 0.93333333 0.96666667 1.         0.93548387 1.         1.
 0.93333333 1.         1.         1.         0.96666667 0.93333333
 1.         1.         0.9        0.96666667 0.96666667 0.96666667
 0.96666667 0.96666667 0.96666667 1.         1.         1.
 0.93333333 0.93333333 0.96666667 1.         1.         0.96666667
 0.96666667 1.         1.         0.93548387 0.96666667 0.96666667
 1.         0.96666667 1.         0.96666667 1.         0.96666667
 1.         0.93548387 0.96666667 0.93333333 1.         0.96666667
 1.         0.96666667 1.         1.        ]
Mean accuracy: 0.9761505376344087
Dev: 0.025256862878075353


XGB_KM_SCAN_NN Cross-Validation Results accuracy:
 [0.87096774 0.96774194 0.96666667 1.         1.         1.
 1.         1.         1.         1.         1.         0.96774194
 1.         0.93333333 1.         0.96666667 1.         0.96666667
 1.         1.         0.96774194 1.         1.         1.
 1.         0.96666667 0.96666667 0.93333333 1.         1.
 0.96774194 1.         1.         0.96666667 1.         0.93333333
 0.93333333 1.         1.         1.         1.         0.93548387
 0.96666667 1.         0.96666667 1.         0.96666667 1.
 1.         0.96666667 1.         1.         1.         1.
 0.93333333 1.         0.96666667 1.         0.93333333 1.
 1.         1.         0.86666667 0.96666667 1.         0.96666667
 0.96666667 0.96666667 1.         1.         1.         1.
 1.         0.93333333 1.         0.96666667 0.96666667 0.96666667
 1.         0.96666667 1.         0.93548387 0.96666667 0.96666667
 1.         1.         1.         1.         1.         0.96666667
 1.         0.96774194 0.93333333 1.         1.         0.96666667
 0.96666667 1.         1.         1.        ]
Mean accuracy: 0.9811397849462365
Dev: 0.027314122331873494


XGB_KM_SCAN_COS Cross-Validation Results accuracy:
 [0.96774194 0.96774194 0.96666667 0.96666667 1.         1.
 1.         1.         1.         0.96666667 0.93548387 0.93548387
 1.         0.96666667 0.96666667 1.         0.96666667 0.96666667
 1.         1.         0.96774194 1.         1.         0.96666667
 0.93333333 1.         0.93333333 0.96666667 1.         1.
 0.90322581 1.         1.         0.96666667 0.96666667 0.96666667
 0.96666667 1.         0.96666667 1.         0.96774194 0.93548387
 0.93333333 1.         0.96666667 1.         1.         1.
 1.         0.96666667 1.         0.96774194 0.96666667 0.96666667
 0.96666667 1.         0.96666667 0.96666667 0.96666667 0.96666667
 1.         0.93548387 0.93333333 0.96666667 0.96666667 0.96666667
 1.         0.96666667 0.96666667 1.         0.96774194 1.
 0.96666667 0.9        1.         1.         0.96666667 0.93333333
 1.         1.         1.         0.96774194 0.96666667 0.96666667
 0.96666667 1.         1.         0.96666667 1.         0.96666667
 1.         0.96774194 1.         0.96666667 0.96666667 0.93333333
 0.96666667 0.96666667 1.         1.        ]
Mean accuracy: 0.9758709677419355
Dev: 0.023689282428497223


XGB_KM_SCAN_COS_MAHA Cross-Validation Results accuracy:
 [0.96774194 0.96774194 1.         1.         1.         0.93333333
 0.96666667 1.         0.96666667 0.96666667 0.96774194 0.96774194
 1.         0.96666667 0.93333333 1.         1.         0.93333333
 1.         0.96666667 0.93548387 0.96774194 1.         1.
 0.96666667 1.         0.9        0.96666667 1.         0.96666667
 0.93548387 1.         0.93333333 0.96666667 0.96666667 1.
 0.96666667 1.         1.         1.         0.93548387 0.96774194
 0.96666667 0.93333333 0.96666667 1.         1.         1.
 1.         0.96666667 1.         0.96774194 1.         0.96666667
 0.96666667 0.96666667 0.96666667 0.96666667 0.93333333 0.96666667
 1.         0.96774194 0.93333333 0.96666667 1.         0.96666667
 1.         0.96666667 0.96666667 1.         1.         1.
 1.         0.93333333 0.96666667 1.         1.         0.93333333
 0.93333333 1.         1.         0.96774194 0.9        0.96666667
 0.96666667 1.         1.         0.96666667 1.         0.96666667
 1.         0.96774194 1.         0.93333333 0.96666667 0.96666667
 1.         1.         1.         1.        ]
Mean accuracy: 0.9751720430107528
Dev: 0.02541326592284632


XGBRF Cross-Validation Results accuracy:
 [0.85       1.         1.         1.         1.         1.
 0.9        1.         0.94736842 1.         1.         0.95
 1.         1.         1.         0.85       1.         1.
 1.         1.         1.         1.         1.         1.
 1.         1.         0.9        0.94736842 0.89473684 0.94736842
 0.95       1.         1.         1.         0.95       0.95
 1.         0.94736842 1.         1.         1.         0.9
 0.9        1.         1.         1.         1.         1.
 1.         1.         1.         1.         1.         1.
 0.95       1.         0.85       0.89473684 1.         0.94736842
 0.9        1.         1.         1.         1.         0.95
 1.         1.         1.         0.94736842 0.9        1.
 0.9        1.         1.         1.         1.         0.94736842
 0.94736842 1.         1.         1.         1.         0.85
 1.         0.95       1.         1.         0.89473684 1.
 1.         0.95       0.95       1.         1.         0.95
 0.95       1.         0.94736842 1.        ]
Mean accuracy: 0.9736052631578948
Dev: 0.04195277486125985


XGBRF_KM_C Cross-Validation Results accuracy:
 [0.96774194 0.96774194 0.96666667 1.         0.96666667 0.96666667
 1.         1.         1.         0.93333333 0.96774194 0.96774194
 1.         0.93333333 1.         1.         1.         0.93333333
 0.93333333 0.96666667 0.93548387 1.         1.         1.
 1.         1.         0.93333333 0.96666667 0.96666667 0.96666667
 0.96774194 1.         0.96666667 0.9        0.96666667 0.96666667
 0.96666667 0.96666667 1.         1.         0.96774194 1.
 0.93333333 1.         0.96666667 0.96666667 1.         0.96666667
 1.         0.96666667 1.         0.96774194 1.         1.
 0.96666667 1.         0.96666667 0.93333333 0.96666667 1.
 1.         0.96774194 0.93333333 0.93333333 1.         0.96666667
 1.         0.96666667 1.         1.         1.         1.
 0.96666667 0.93333333 1.         0.96666667 0.96666667 0.93333333
 1.         1.         1.         0.96774194 0.96666667 0.96666667
 0.96666667 1.         0.96666667 1.         1.         0.96666667
 1.         0.93548387 1.         1.         0.96666667 0.96666667
 0.96666667 1.         1.         0.96666667]
Mean accuracy: 0.97647311827957
Dev: 0.02406118150764823


XGBRF_KM_NN Cross-Validation Results accuracy:
 [0.96774194 0.96774194 0.96666667 1.         0.96666667 0.96666667
 1.         1.         1.         0.93333333 0.96774194 0.96774194
 1.         0.96666667 1.         1.         1.         0.93333333
 0.96666667 0.96666667 0.93548387 1.         1.         1.
 1.         1.         0.93333333 0.96666667 0.96666667 0.96666667
 0.96774194 1.         0.96666667 0.96666667 0.93333333 0.96666667
 0.96666667 1.         1.         1.         0.93548387 1.
 0.93333333 1.         0.96666667 0.96666667 1.         0.96666667
 1.         0.96666667 0.96774194 0.96774194 1.         1.
 0.96666667 1.         0.96666667 0.93333333 0.96666667 1.
 1.         0.96774194 0.93333333 0.96666667 1.         1.
 1.         0.96666667 1.         1.         1.         1.
 0.96666667 0.93333333 1.         0.96666667 0.96666667 0.93333333
 1.         1.         1.         0.96774194 1.         0.93333333
 0.96666667 1.         0.96666667 1.         1.         0.96666667
 1.         0.93548387 1.         1.         0.96666667 0.96666667
 0.96666667 1.         1.         0.96666667]
Mean accuracy: 0.9778279569892473
Dev: 0.022954800832460924


XGBRF_KM_COS Cross-Validation Results accuracy:
 [0.96774194 0.96774194 0.96666667 1.         1.         0.96666667
 1.         1.         1.         0.93333333 0.96774194 0.96774194
 1.         0.96666667 1.         1.         1.         0.93333333
 0.96666667 0.96666667 0.93548387 1.         1.         1.
 1.         1.         0.93333333 0.96666667 0.96666667 0.96666667
 0.96774194 1.         0.96666667 0.96666667 0.96666667 0.96666667
 0.96666667 1.         1.         1.         0.96774194 1.
 0.93333333 1.         0.96666667 0.96666667 1.         0.96666667
 1.         0.96666667 0.96774194 0.96774194 1.         1.
 0.96666667 1.         0.96666667 0.93333333 0.96666667 1.
 1.         0.96774194 0.93333333 0.96666667 1.         0.96666667
 1.         0.93333333 1.         1.         1.         1.
 1.         0.93333333 1.         0.96666667 0.96666667 0.93333333
 1.         1.         1.         0.96774194 0.96666667 0.96666667
 0.96666667 1.         0.96666667 1.         1.         0.96666667
 1.         0.93548387 1.         0.96666667 0.96666667 0.96666667
 0.96666667 1.         1.         0.96666667]
Mean accuracy: 0.9781505376344087
Dev: 0.022083560918728585


XGBRF_KM_COS_MAHA Cross-Validation Results accuracy:
 [0.96774194 0.96774194 0.96666667 1.         1.         0.96666667
 0.96666667 1.         1.         0.96666667 0.96774194 0.96774194
 1.         0.96666667 1.         1.         1.         0.93333333
 0.93333333 0.96666667 0.90322581 0.96774194 1.         1.
 1.         1.         0.93333333 0.96666667 1.         1.
 0.96774194 1.         0.96666667 0.96666667 0.96666667 0.96666667
 0.96666667 1.         1.         1.         0.96774194 1.
 0.93333333 1.         0.96666667 0.96666667 1.         1.
 1.         0.96666667 1.         0.96774194 1.         1.
 0.96666667 1.         0.96666667 0.96666667 0.93333333 1.
 1.         0.96774194 0.93333333 0.96666667 1.         0.96666667
 1.         0.96666667 1.         1.         1.         1.
 1.         0.93333333 1.         0.96666667 0.96666667 0.93333333
 1.         1.         1.         0.96774194 0.96666667 0.96666667
 0.93333333 1.         0.96666667 1.         1.         0.96666667
 0.96774194 0.93548387 1.         0.96666667 0.96666667 0.96666667
 0.96666667 1.         1.         1.        ]
Mean accuracy: 0.9785053763440861
Dev: 0.02306871155165554


XGBRF_HDBSCAN_NN Cross-Validation Results accuracy:
 [0.96774194 0.96774194 1.         1.         0.96666667 1.
 0.96666667 1.         1.         0.96666667 0.93548387 0.93548387
 1.         1.         1.         1.         1.         0.96666667
 0.96666667 1.         0.93548387 0.96774194 1.         1.
 1.         1.         0.93333333 1.         1.         1.
 0.96774194 0.96774194 1.         0.96666667 0.96666667 1.
 0.96666667 1.         1.         1.         1.         1.
 0.96666667 1.         0.93333333 0.96666667 1.         1.
 1.         0.96666667 1.         0.96774194 1.         1.
 0.96666667 1.         0.96666667 0.96666667 0.93333333 0.96666667
 1.         0.93548387 1.         0.96666667 1.         0.93333333
 1.         0.96666667 1.         1.         0.96774194 1.
 1.         0.93333333 1.         1.         0.93333333 0.96666667
 0.96666667 1.         1.         0.90322581 0.96666667 0.96666667
 0.96666667 1.         1.         1.         1.         1.
 0.96774194 0.96774194 1.         0.93333333 0.96666667 0.96666667
 1.         1.         1.         1.        ]
Mean accuracy: 0.9808817204301076
Dev: 0.02379216869090127


XGBRF_HDBSCAN_COS Cross-Validation Results accuracy:
 [0.96774194 0.96774194 1.         1.         1.         1.
 0.96666667 0.96666667 0.96666667 0.96666667 0.96774194 0.93548387
 1.         0.96666667 1.         1.         1.         0.96666667
 1.         0.96666667 0.96774194 1.         0.96666667 1.
 1.         1.         0.9        1.         1.         0.96666667
 0.96774194 1.         1.         0.96666667 0.96666667 0.93333333
 0.96666667 1.         1.         0.96666667 0.96774194 0.93548387
 0.96666667 0.96666667 0.96666667 1.         1.         1.
 1.         0.93333333 1.         0.96774194 0.96666667 1.
 0.96666667 1.         0.93333333 0.93333333 0.96666667 0.96666667
 0.96774194 1.         0.96666667 0.96666667 1.         0.96666667
 1.         0.96666667 0.96666667 1.         0.93548387 1.
 1.         0.9        0.96666667 1.         1.         0.93333333
 0.96666667 1.         0.96774194 0.93548387 0.9        0.96666667
 1.         0.93333333 1.         1.         0.96666667 1.
 1.         0.96774194 1.         0.86666667 1.         0.96666667
 1.         1.         1.         0.86666667]
Mean accuracy: 0.9745268817204301
Dev: 0.02961802338974616


XGBRF_KM_SCAN_NN Cross-Validation Results accuracy:
 [0.96774194 0.96774194 1.         0.96666667 1.         1.
 0.93333333 1.         0.96666667 0.96666667 0.96774194 0.87096774
 1.         1.         1.         1.         1.         0.96666667
 1.         0.93333333 0.93548387 0.96774194 1.         0.96666667
 1.         1.         0.93333333 1.         0.96666667 1.
 0.96774194 1.         1.         0.96666667 0.93333333 1.
 0.93333333 1.         1.         0.93333333 0.96774194 1.
 0.93333333 0.96666667 0.96666667 1.         1.         1.
 0.96666667 0.96666667 0.96774194 0.96774194 1.         1.
 0.93333333 1.         0.93333333 0.9        0.96666667 1.
 0.96774194 0.96774194 1.         0.93333333 1.         0.96666667
 1.         0.93333333 1.         0.9        0.96774194 1.
 1.         0.93333333 0.93333333 1.         1.         0.9
 0.93333333 1.         1.         0.93548387 0.96666667 0.96666667
 0.96666667 0.93333333 1.         0.96666667 0.96666667 1.
 1.         0.96774194 1.         0.9        1.         0.96666667
 0.96666667 1.         1.         0.93333333]
Mean accuracy: 0.972215053763441
Dev: 0.030593134482142865


XGBRF_KM_SCAN_COS Cross-Validation Results accuracy:
 [0.96774194 0.96774194 1.         1.         1.         0.96666667
 1.         1.         0.96666667 0.96666667 0.96774194 0.93548387
 1.         0.96666667 1.         1.         0.93333333 0.96666667
 1.         0.96666667 0.93548387 1.         0.96666667 1.
 1.         1.         0.93333333 0.96666667 1.         1.
 0.96774194 1.         1.         0.96666667 0.96666667 1.
 0.93333333 0.96666667 1.         0.96666667 1.         1.
 0.96666667 0.96666667 0.96666667 1.         1.         1.
 1.         0.96666667 1.         0.96774194 1.         1.
 0.96666667 1.         0.93333333 0.93333333 0.96666667 1.
 1.         1.         0.96666667 0.96666667 1.         0.96666667
 1.         0.96666667 1.         0.96666667 1.         1.
 1.         0.93333333 0.96666667 1.         1.         0.93333333
 1.         1.         1.         0.96774194 0.96666667 0.96666667
 1.         0.93333333 1.         1.         0.96666667 1.
 1.         0.96774194 1.         0.9        1.         0.96666667
 1.         1.         1.         0.93333333]
Mean accuracy: 0.9801182795698925
Dev: 0.023914759308827832


XGBRF_KM_SCAN_COS_MAHA Cross-Validation Results accuracy:
 [0.96774194 0.96774194 0.96666667 1.         0.96666667 0.96666667
 1.         1.         1.         0.96666667 0.96774194 0.96774194
 1.         0.96666667 1.         1.         1.         0.93333333
 0.96666667 0.96666667 0.93548387 1.         1.         1.
 1.         1.         0.93333333 0.96666667 0.96666667 0.96666667
 0.96774194 1.         0.96666667 0.96666667 0.93333333 0.96666667
 0.96666667 0.96666667 1.         1.         0.96774194 1.
 0.96666667 1.         0.96666667 0.96666667 1.         0.96666667
 1.         0.96666667 1.         0.96774194 1.         1.
 0.96666667 1.         0.96666667 0.9        0.96666667 1.
 1.         0.96774194 0.93333333 0.96666667 1.         0.96666667
 1.         0.96666667 1.         1.         1.         1.
 0.96666667 0.93333333 1.         0.96666667 0.96666667 0.93333333
 1.         1.         1.         0.96774194 0.96666667 0.96666667
 0.96666667 1.         1.         1.         1.         0.96666667
 1.         0.93548387 1.         0.96666667 0.96666667 0.96666667
 0.96666667 1.         1.         0.96666667]
Mean accuracy: 0.9781397849462367
Dev: 0.022088887481438474


