LR Cross-Validation Results f1:
 [0.98666667 1.         0.96       0.97297297 0.98630137 0.96
 0.98630137 1.         0.98630137 0.97297297 0.98666667 0.98630137
 0.97297297 0.97297297 1.         1.         0.98630137 0.97297297
 0.97297297 0.96       1.         0.98630137 1.         0.98630137
 0.97297297 0.96       1.         0.96       0.97297297 0.96
 0.97368421 0.97297297 0.98630137 0.96       1.         0.97297297
 0.98630137 0.98630137 0.98630137 0.97297297 0.98666667 0.97297297
 0.96       1.         1.         0.93506494 0.98630137 0.98630137
 0.97297297 0.96       0.96103896 1.         0.97297297 0.96
 0.96       1.         1.         0.98630137 0.97297297 1.
 0.97368421 0.96       0.96       1.         0.98630137 0.98630137
 0.98630137 1.         0.97297297 0.97297297 0.97368421 1.
 0.97297297 0.98630137 0.97297297 0.95890411 0.97297297 0.94736842
 1.         0.97297297 0.98666667 0.97297297 0.97297297 0.97222222
 1.         0.96       0.97297297 0.98630137 0.98630137 0.96
 0.97368421 0.98630137 0.94736842 0.96       1.         1.
 0.94736842 1.         0.98630137 0.98630137]
Mean f1: 0.9790702185804565
Dev: 0.01537137670140277


LR_mix Cross-Validation Results f1:
 [0.97297297 0.98591549 0.93333333 0.98630137 1.         0.93333333
 0.98630137 0.98591549 0.98630137 0.91428571 0.97297297 0.98630137
 0.97222222 0.97297297 0.95652174 0.97142857 0.95890411 0.97297297
 0.95890411 0.97297297 0.98630137 0.98630137 0.98591549 0.98630137
 0.94444444 0.91666667 1.         0.97297297 0.97297297 0.96
 0.98666667 0.93150685 1.         0.96       0.98591549 0.97297297
 0.95774648 0.98630137 0.95774648 0.95890411 0.98666667 0.98630137
 0.96       0.97222222 1.         0.97222222 0.97222222 0.95774648
 0.95890411 0.96       0.93333333 0.98630137 0.97297297 0.97297297
 0.94594595 0.98591549 0.98630137 0.97222222 0.95890411 0.97142857
 0.96       0.94594595 0.93150685 1.         0.97222222 0.97222222
 0.98630137 1.         0.97297297 0.95890411 0.97368421 0.98591549
 0.97297297 0.97222222 0.97297297 0.94444444 0.97297297 0.97297297
 0.98630137 0.94444444 0.95890411 0.97297297 0.92957746 0.97222222
 1.         0.97222222 0.93333333 1.         0.98630137 0.96
 0.96       0.97222222 0.94736842 0.97297297 0.98591549 1.
 0.92105263 0.95652174 0.98630137 0.97222222]
Mean f1: 0.969621457301387
Dev: 0.019736098718463536


LR_smote Cross-Validation Results f1:
 [0.98666667 1.         0.94594595 0.97297297 0.98630137 0.96
 0.98630137 0.98591549 0.98591549 0.94444444 0.98666667 1.
 0.98630137 0.95890411 0.98591549 0.98591549 0.95774648 0.95890411
 0.97297297 0.96       1.         0.98630137 1.         0.98630137
 0.92537313 0.96       0.98591549 0.97297297 0.97297297 0.97297297
 0.98666667 0.95890411 1.         0.97297297 0.97142857 0.97297297
 0.98630137 0.98630137 0.97222222 0.97297297 0.98666667 0.98630137
 0.96       0.97142857 1.         0.96       0.98630137 0.97222222
 0.97222222 0.96       0.94736842 0.98591549 0.97297297 0.94444444
 0.96       0.97142857 1.         0.98630137 0.97297297 0.98591549
 0.97368421 0.93150685 0.94444444 1.         1.         0.98630137
 0.98630137 1.         0.98630137 0.95890411 0.97297297 1.
 0.97297297 0.98630137 0.95890411 0.94285714 0.97297297 0.97297297
 1.         0.98630137 0.98666667 0.97222222 0.94444444 0.97222222
 0.98591549 0.97297297 0.97297297 1.         0.98630137 0.97297297
 0.96       0.95774648 0.94736842 0.98630137 0.98591549 1.
 0.94736842 1.         0.97222222 0.98630137]
Mean f1: 0.9757742084524709
Dev: 0.017167028304388807


LR_GAN Cross-Validation Results f1:
 [0.97297297 0.94117647 0.90666667 0.98591549 0.98630137 0.94736842
 0.98630137 0.98591549 0.98630137 0.95774648 0.97297297 0.98630137
 0.94444444 0.97222222 0.98591549 0.97142857 0.95774648 0.98630137
 0.94444444 0.98630137 1.         0.95890411 1.         0.98591549
 0.94444444 0.91891892 0.97142857 0.98630137 0.95774648 0.94444444
 0.97297297 0.91666667 1.         0.95890411 0.98591549 0.96
 0.94444444 0.97222222 0.97142857 0.95890411 0.97297297 0.98630137
 0.93150685 0.98630137 0.98630137 0.98630137 0.97222222 0.94285714
 0.94285714 0.95774648 0.92307692 0.95652174 0.97297297 0.98591549
 0.94444444 0.97222222 0.97222222 0.95774648 0.97297297 0.98591549
 0.97368421 0.94285714 0.93150685 0.98591549 0.98630137 0.95652174
 0.98630137 0.98630137 0.97297297 0.94285714 0.98630137 0.98591549
 0.97222222 1.         0.97142857 0.91666667 0.97297297 0.94444444
 0.97222222 0.97222222 0.97297297 0.98591549 0.97297297 0.97222222
 1.         0.94285714 0.93333333 0.95652174 0.98630137 0.95890411
 0.94594595 0.97142857 0.94594595 0.95774648 0.97142857 1.
 0.96       0.95652174 0.97297297 0.97222222]
Mean f1: 0.9667951616241459
Dev: 0.02079051017959265


LR_borderline Cross-Validation Results f1:
 [0.98666667 1.         0.96       0.97297297 0.98630137 0.96
 0.98630137 1.         0.98630137 0.97297297 0.98666667 0.98630137
 0.97297297 0.97297297 1.         1.         0.98630137 0.97297297
 0.97297297 0.96       1.         0.98630137 1.         0.98630137
 0.97297297 0.96       1.         0.96       0.97297297 0.96
 0.97368421 0.97297297 0.98630137 0.96       1.         0.97297297
 0.98630137 0.98630137 0.98630137 0.97297297 0.98666667 0.97297297
 0.96       1.         1.         0.93506494 0.98630137 0.98630137
 0.97297297 0.96       0.96103896 1.         0.97297297 0.96
 0.96       1.         1.         0.98630137 0.97297297 1.
 0.97368421 0.96       0.96       1.         0.98630137 0.98630137
 0.98630137 1.         0.97297297 0.97297297 0.97368421 1.
 0.97297297 0.98630137 0.97297297 0.95890411 0.97297297 0.94736842
 1.         0.97297297 0.98666667 0.97297297 0.97297297 0.97222222
 1.         0.96       0.97297297 0.98630137 0.98630137 0.96
 0.97368421 0.98630137 0.94736842 0.96       1.         1.
 0.94736842 1.         0.98630137 0.98630137]
Mean f1: 0.9790702185804565
Dev: 0.01537137670140277


DT Cross-Validation Results f1:
 [1.         1.         0.98591549 1.         1.         1.
 1.         1.         1.         0.97222222 1.         1.
 1.         1.         0.98591549 1.         1.         1.
 0.98630137 1.         1.         1.         1.         1.
 0.98591549 1.         1.         1.         0.98630137 1.
 1.         1.         1.         0.98630137 1.         1.
 1.         1.         0.98591549 1.         1.         1.
 1.         1.         1.         1.         0.97297297 0.98591549
 1.         0.98630137 1.         1.         1.         1.
 0.98630137 0.98591549 1.         1.         1.         1.
 1.         0.95890411 1.         1.         1.         1.
 1.         1.         0.97297297 1.         1.         1.
 1.         1.         1.         0.98591549 1.         1.
 1.         0.98630137 1.         1.         1.         0.98591549
 1.         1.         1.         1.         1.         0.98630137
 0.98630137 1.         1.         1.         1.         1.
 1.         1.         0.98630137 1.        ]
Mean f1: 0.9964110855018632
Dev: 0.007687148832267094


DT_mix Cross-Validation Results f1:
 [1.         0.98591549 1.         1.         1.         0.96
 1.         1.         1.         0.98630137 1.         1.
 0.98630137 1.         0.98591549 1.         1.         1.
 0.94444444 0.98630137 1.         0.98630137 1.         0.98591549
 0.97297297 0.98591549 1.         1.         0.98630137 1.
 1.         0.98591549 1.         0.98630137 0.98630137 0.98630137
 0.98591549 1.         0.98591549 0.98630137 0.98666667 1.
 0.98630137 1.         0.98591549 0.98591549 0.97297297 0.98591549
 1.         0.95774648 0.98666667 1.         0.95774648 1.
 0.95774648 1.         1.         1.         1.         1.
 1.         0.97297297 0.98630137 0.97222222 1.         1.
 1.         0.98630137 0.98630137 0.97142857 0.98666667 1.
 0.98630137 1.         1.         0.98591549 0.98630137 0.98630137
 1.         0.98630137 0.98666667 1.         0.98630137 0.98591549
 1.         0.98630137 0.98630137 0.98591549 1.         0.98630137
 0.97368421 1.         1.         0.98591549 1.         1.
 0.98630137 1.         0.98630137 1.        ]
Mean f1: 0.9904835287908463
Dev: 0.011516229804081722


DT_smote Cross-Validation Results f1:
 [1.         1.         0.98591549 1.         1.         1.
 1.         1.         1.         0.97222222 1.         1.
 1.         1.         0.98591549 1.         1.         1.
 0.98630137 1.         1.         1.         1.         1.
 0.98591549 1.         1.         1.         0.98630137 1.
 0.98630137 1.         1.         0.98630137 1.         1.
 1.         1.         0.98591549 1.         1.         1.
 1.         1.         1.         0.98591549 0.97297297 0.98591549
 1.         0.98630137 1.         1.         1.         0.98591549
 0.98630137 0.98591549 1.         1.         1.         1.
 1.         0.95890411 1.         1.         1.         1.
 0.98591549 1.         0.97297297 1.         1.         1.
 1.         1.         1.         0.98591549 1.         1.
 1.         0.98630137 1.         1.         1.         0.98591549
 0.98591549 1.         1.         1.         1.         0.98630137
 0.98630137 1.         1.         1.         1.         1.
 1.         1.         0.98630137 0.98591549]
Mean f1: 0.9955698738483805
Dev: 0.00800885374648358


DT_GAN Cross-Validation Results f1:
 [0.98666667 1.         0.97297297 0.98630137 1.         0.96
 1.         0.98630137 0.98630137 0.98630137 1.         0.97297297
 0.98630137 1.         0.98630137 0.98630137 0.98630137 1.
 0.97297297 0.97297297 1.         0.96       0.98630137 1.
 0.97297297 1.         1.         0.98630137 0.97297297 0.98630137
 1.         1.         0.98630137 0.96       0.98630137 0.96
 1.         0.98630137 1.         0.98630137 0.98666667 0.97297297
 1.         0.98630137 1.         1.         0.96       1.
 0.97297297 0.98630137 0.93670886 1.         0.98630137 0.95774648
 0.98630137 0.98630137 0.98630137 1.         1.         1.
 1.         0.96       0.96       0.98630137 0.98630137 0.98630137
 1.         1.         0.97297297 0.98630137 0.98666667 0.98630137
 1.         0.98630137 0.98630137 0.94444444 0.98630137 0.97297297
 1.         0.98630137 0.97368421 1.         0.98630137 1.
 0.98630137 1.         0.96       0.98630137 1.         0.97297297
 0.97368421 0.98630137 0.98630137 0.98630137 0.98630137 1.
 0.98630137 0.98630137 0.98630137 0.98630137]
Mean f1: 0.9856732707221607
Dev: 0.013711024423262979


DT_borderline Cross-Validation Results f1:
 [1.         1.         0.98591549 1.         1.         1.
 1.         1.         1.         0.97222222 1.         1.
 1.         1.         0.98591549 1.         1.         1.
 0.98630137 1.         1.         1.         1.         1.
 0.98591549 1.         1.         1.         0.98630137 1.
 1.         1.         1.         0.98630137 1.         1.
 1.         1.         0.98591549 1.         1.         1.
 1.         1.         1.         1.         0.97297297 0.98591549
 1.         0.98630137 1.         1.         1.         1.
 0.98630137 0.98591549 1.         1.         1.         1.
 1.         0.95890411 1.         1.         1.         1.
 1.         1.         0.97297297 1.         1.         1.
 1.         1.         1.         0.98591549 1.         1.
 1.         0.98630137 1.         1.         1.         0.98591549
 1.         1.         1.         1.         1.         0.98630137
 0.98630137 1.         1.         1.         1.         1.
 1.         1.         0.98630137 1.        ]
Mean f1: 0.9964110855018632
Dev: 0.007687148832267094


RF Cross-Validation Results f1:
 [1.         1.         0.98591549 0.98630137 1.         0.98630137
 1.         1.         1.         0.98630137 1.         0.98630137
 1.         1.         0.97222222 1.         1.         1.
 0.98630137 1.         1.         0.98630137 1.         1.
 0.98591549 1.         1.         1.         0.97297297 0.98630137
 1.         1.         1.         0.98630137 1.         0.98630137
 1.         1.         0.98591549 0.98630137 1.         1.
 1.         1.         1.         0.98630137 0.97297297 0.98591549
 1.         0.98630137 0.98666667 1.         1.         0.98630137
 0.98630137 0.98591549 1.         1.         1.         1.
 1.         0.95890411 1.         0.98630137 1.         1.
 1.         1.         0.97297297 1.         0.98666667 1.
 1.         1.         1.         0.98591549 1.         0.98630137
 1.         0.98630137 1.         1.         1.         0.98591549
 1.         1.         0.97297297 0.98630137 1.         0.98630137
 0.98630137 0.98630137 1.         0.98630137 0.98630137 1.
 1.         1.         0.98630137 1.        ]
Mean f1: 0.9936899288445303
Dev: 0.00874553958137986


RF_mix Cross-Validation Results f1:
 [1.         1.         0.98591549 1.         1.         0.97297297
 1.         1.         1.         0.98630137 1.         0.98630137
 1.         1.         1.         1.         1.         1.
 0.98630137 0.98630137 1.         0.98630137 1.         1.
 1.         1.         1.         1.         0.97297297 1.
 1.         1.         1.         0.98630137 1.         0.98630137
 1.         1.         1.         0.98630137 1.         1.
 1.         1.         1.         1.         0.97297297 0.98591549
 1.         0.98630137 0.98666667 1.         1.         1.
 0.98630137 1.         1.         1.         1.         1.
 1.         0.97297297 0.98630137 0.98630137 1.         1.
 1.         1.         0.98630137 1.         1.         1.
 1.         1.         1.         1.         1.         0.98630137
 1.         0.98630137 0.98666667 1.         1.         1.
 1.         1.         1.         0.98630137 1.         0.98630137
 1.         1.         1.         0.98630137 0.98630137 1.
 0.98630137 1.         0.98630137 1.        ]
Mean f1: 0.9954938497826401
Dev: 0.007472821310969732


RF_smote Cross-Validation Results f1:
 [0.98666667 1.         0.98591549 0.98630137 1.         0.97297297
 1.         1.         1.         0.98630137 0.98666667 0.98630137
 1.         1.         0.97222222 1.         1.         1.
 0.98630137 1.         1.         1.         1.         1.
 0.98591549 1.         1.         1.         0.97297297 1.
 1.         0.98630137 1.         0.98630137 1.         0.98630137
 1.         1.         0.98591549 0.98630137 1.         1.
 1.         1.         1.         1.         0.97297297 0.98591549
 1.         0.98630137 0.97368421 0.98591549 1.         1.
 0.98630137 0.98591549 1.         1.         1.         1.
 1.         0.95890411 1.         0.98630137 1.         1.
 1.         1.         0.98630137 1.         1.         1.
 1.         1.         1.         0.95652174 1.         0.98630137
 1.         0.98630137 1.         1.         1.         0.98591549
 1.         1.         0.98630137 0.98630137 1.         0.98630137
 0.98630137 0.98630137 1.         0.98630137 0.98630137 0.98630137
 1.         1.         0.97297297 1.        ]
Mean f1: 0.9932659609438378
Dev: 0.009645202363491626


RF_GAN Cross-Validation Results f1:
 [0.98666667 0.98591549 1.         1.         1.         0.97297297
 1.         1.         1.         0.98630137 0.98666667 0.98630137
 0.98591549 1.         1.         1.         1.         1.
 0.98630137 0.98630137 1.         0.98630137 1.         1.
 1.         1.         1.         1.         0.97297297 0.98630137
 1.         1.         1.         0.98630137 1.         0.97297297
 1.         1.         1.         1.         0.98666667 1.
 1.         1.         1.         1.         0.98630137 0.98591549
 1.         0.98630137 0.97368421 1.         1.         1.
 0.98630137 1.         1.         1.         1.         1.
 1.         0.97297297 0.98630137 0.98630137 1.         1.
 1.         1.         0.98630137 1.         1.         1.
 1.         1.         1.         0.98591549 0.98630137 0.98630137
 1.         0.98630137 0.98666667 1.         1.         1.
 1.         1.         0.98630137 0.98630137 1.         0.98630137
 1.         0.98630137 1.         1.         0.98630137 1.
 0.98630137 1.         0.98630137 1.        ]
Mean f1: 0.9944083624776517
Dev: 0.007942500700825694


RF_borderline Cross-Validation Results f1:
 [1.         1.         0.98591549 0.98630137 1.         0.98630137
 1.         1.         1.         0.98630137 1.         0.98630137
 1.         1.         0.97222222 1.         1.         1.
 0.98630137 1.         1.         0.98630137 1.         1.
 0.98591549 1.         1.         1.         0.97297297 0.98630137
 1.         1.         1.         0.98630137 1.         0.98630137
 1.         1.         0.98591549 0.98630137 1.         1.
 1.         1.         1.         0.98630137 0.97297297 0.98591549
 1.         0.98630137 0.98666667 1.         1.         0.98630137
 0.98630137 0.98591549 1.         1.         1.         1.
 1.         0.95890411 1.         0.98630137 1.         1.
 1.         1.         0.97297297 1.         0.98666667 1.
 1.         1.         1.         0.98591549 1.         0.98630137
 1.         0.98630137 1.         1.         1.         0.98591549
 1.         1.         0.97297297 0.98630137 1.         0.98630137
 0.98630137 0.98630137 1.         0.98630137 0.98630137 1.
 1.         1.         0.98630137 1.        ]
Mean f1: 0.9936899288445303
Dev: 0.00874553958137986


XGB Cross-Validation Results f1:
 [0.98666667 1.         0.98591549 0.98630137 1.         0.98630137
 1.         1.         1.         0.98630137 0.98666667 0.98630137
 1.         1.         0.98591549 1.         1.         1.
 0.98630137 0.98630137 1.         1.         1.         1.
 0.98591549 1.         1.         0.98630137 0.97297297 0.98630137
 1.         0.98630137 1.         0.98630137 1.         0.98630137
 1.         1.         0.97222222 1.         1.         0.98630137
 1.         1.         1.         0.98630137 0.97297297 0.98591549
 1.         0.98630137 0.97368421 1.         1.         0.98630137
 0.98630137 0.98591549 1.         1.         1.         1.
 1.         0.95890411 1.         0.98630137 1.         1.
 1.         1.         0.98630137 1.         1.         1.
 1.         0.98630137 1.         0.98591549 1.         0.97297297
 1.         0.98630137 1.         1.         1.         0.98591549
 1.         0.98630137 0.98630137 0.98630137 1.         0.98630137
 0.98630137 0.98630137 1.         1.         0.98630137 1.
 0.98630137 1.         0.98630137 1.        ]
Mean f1: 0.9930121097132146
Dev: 0.008744945919498526


XGB_mix Cross-Validation Results f1:
 [0.98666667 0.98591549 0.98591549 0.98630137 1.         0.97297297
 1.         1.         1.         0.97222222 0.98666667 0.98630137
 1.         1.         0.98591549 1.         1.         1.
 0.94444444 0.97297297 1.         0.95774648 1.         1.
 0.98591549 0.98591549 1.         0.97222222 0.97297297 0.98630137
 1.         0.97222222 1.         0.98630137 1.         0.98630137
 1.         1.         0.95774648 1.         1.         0.98630137
 1.         1.         1.         0.98630137 0.97222222 0.98591549
 1.         0.95774648 0.96103896 1.         1.         0.97222222
 0.98630137 0.98591549 1.         0.98630137 1.         1.
 1.         0.95890411 0.98630137 0.97222222 1.         1.
 1.         1.         0.97222222 0.98591549 1.         0.98591549
 1.         0.98630137 0.98591549 0.98591549 1.         0.97297297
 0.98591549 0.98630137 1.         0.98591549 1.         0.98591549
 1.         0.97222222 0.97297297 0.98630137 0.98591549 0.98630137
 0.96       0.98630137 1.         0.98591549 0.95774648 0.98591549
 0.96       0.98591549 0.97222222 1.        ]
Mean f1: 0.9874457104994824
Dev: 0.013494993250129513


XGB_smote Cross-Validation Results f1:
 [0.98666667 0.98591549 0.98591549 0.98630137 1.         1.
 1.         1.         1.         0.98630137 0.98666667 1.
 1.         1.         0.98591549 1.         1.         1.
 0.98630137 0.98630137 1.         1.         1.         1.
 0.97142857 0.98591549 1.         0.98630137 0.97297297 0.98630137
 1.         0.98630137 1.         0.97222222 1.         0.98630137
 1.         1.         0.97222222 1.         1.         0.98630137
 1.         1.         1.         0.98630137 0.97297297 0.98591549
 1.         0.98630137 0.98666667 1.         1.         0.98630137
 0.98630137 0.98591549 1.         1.         1.         1.
 1.         0.95890411 1.         1.         1.         1.
 1.         1.         0.98630137 1.         1.         1.
 1.         0.98630137 1.         0.97142857 1.         0.98630137
 1.         0.98630137 1.         1.         1.         0.98591549
 1.         0.98630137 0.98630137 1.         1.         0.98630137
 0.98630137 0.98630137 1.         1.         1.         1.
 0.98630137 1.         0.98630137 1.        ]
Mean f1: 0.9932479297025313
Dev: 0.009051086190560638


XGB_GAN Cross-Validation Results f1:
 [0.98666667 0.97142857 0.98630137 0.98630137 1.         0.98630137
 1.         1.         0.98591549 0.98630137 0.98666667 1.
 0.98591549 1.         0.98591549 1.         1.         0.98591549
 0.98630137 0.98630137 1.         0.98630137 1.         1.
 1.         0.97142857 1.         0.98591549 0.97297297 0.98630137
 1.         0.95774648 1.         0.97222222 0.97142857 0.98630137
 1.         1.         1.         1.         0.98666667 0.98630137
 1.         1.         1.         0.98630137 0.98630137 0.98591549
 1.         0.98630137 0.96103896 0.98591549 1.         0.98630137
 0.98630137 1.         0.98591549 1.         1.         0.98591549
 1.         0.96       0.98630137 1.         1.         0.97142857
 1.         1.         0.98630137 0.98591549 1.         0.98591549
 1.         0.98630137 1.         0.95774648 0.98630137 0.98591549
 1.         0.98630137 0.98666667 1.         0.98591549 1.
 1.         0.98591549 0.98630137 1.         1.         0.98630137
 0.97368421 0.97222222 1.         1.         1.         1.
 0.98630137 0.97142857 0.98630137 0.98591549]
Mean f1: 0.9899140834161722
Dev: 0.010841727365727366


XGB_borderline Cross-Validation Results f1:
 [0.98666667 1.         0.98591549 0.98630137 1.         0.98630137
 1.         1.         1.         0.98630137 0.98666667 0.98630137
 1.         1.         0.98591549 1.         1.         1.
 0.98630137 0.98630137 1.         1.         1.         1.
 0.98591549 1.         1.         0.98630137 0.97297297 0.98630137
 1.         0.98630137 1.         0.98630137 1.         0.98630137
 1.         1.         0.97222222 1.         1.         0.98630137
 1.         1.         1.         0.98630137 0.97297297 0.98591549
 1.         0.98630137 0.97368421 1.         1.         0.98630137
 0.98630137 0.98591549 1.         1.         1.         1.
 1.         0.95890411 1.         0.98630137 1.         1.
 1.         1.         0.98630137 1.         1.         1.
 1.         0.98630137 1.         0.98591549 1.         0.97297297
 1.         0.98630137 1.         1.         1.         0.98591549
 1.         0.98630137 0.98630137 0.98630137 1.         0.98630137
 0.98630137 0.98630137 1.         1.         0.98630137 1.
 0.98630137 1.         0.98630137 1.        ]
Mean f1: 0.9930121097132146
Dev: 0.008744945919498526


XGBRF Cross-Validation Results f1:
 [0.98666667 1.         0.98591549 0.97297297 1.         0.98630137
 1.         1.         1.         0.98630137 0.98666667 0.98630137
 1.         1.         0.97222222 1.         1.         1.
 0.98630137 0.98630137 1.         0.98630137 1.         1.
 0.98591549 1.         1.         0.98630137 0.97297297 0.98630137
 1.         0.98630137 1.         0.98630137 1.         0.98630137
 1.         1.         0.97222222 0.98630137 1.         0.98630137
 1.         1.         1.         0.98630137 0.97297297 0.98591549
 1.         0.98630137 0.97368421 1.         1.         0.97297297
 0.98630137 0.98591549 1.         1.         1.         1.
 1.         0.95890411 1.         0.98630137 1.         1.
 1.         1.         0.97297297 1.         0.98666667 1.
 1.         0.98630137 1.         0.98591549 1.         0.97297297
 1.         0.98630137 1.         1.         1.         0.98591549
 1.         0.98630137 0.97297297 0.98630137 1.         0.98630137
 0.98630137 0.98630137 1.         0.98630137 0.98630137 1.
 0.98630137 1.         0.98630137 1.        ]
Mean f1: 0.9917977488928148
Dev: 0.00963741372280604


XGBRF_mix Cross-Validation Results f1:
 [0.98666667 0.98591549 1.         0.95890411 1.         0.97297297
 1.         1.         1.         0.97222222 0.98666667 0.98630137
 1.         1.         0.98630137 1.         1.         1.
 0.97222222 0.97297297 1.         0.97297297 1.         1.
 0.97297297 0.98591549 1.         0.98630137 0.97297297 0.98630137
 1.         0.97222222 1.         0.98630137 1.         0.97297297
 1.         1.         0.97222222 0.98630137 0.98666667 0.98630137
 1.         1.         1.         0.98630137 0.95890411 1.
 1.         0.94285714 0.925      1.         1.         0.97297297
 0.97222222 1.         1.         1.         1.         1.
 1.         0.97297297 0.96       0.98630137 1.         1.
 1.         1.         0.97297297 0.98591549 0.98666667 0.98591549
 1.         0.98630137 1.         1.         0.98630137 0.97297297
 1.         0.98630137 0.98666667 1.         1.         1.
 1.         0.97222222 0.97297297 0.98630137 0.98591549 0.98630137
 0.97368421 0.98630137 1.         0.98630137 0.95774648 1.
 0.97297297 0.98591549 0.98630137 1.        ]
Mean f1: 0.9880205463919483
Dev: 0.014373438442932825


XGBRF_smote Cross-Validation Results f1:
 [0.98666667 1.         0.98591549 0.97297297 1.         0.98630137
 1.         0.98591549 0.98591549 0.98630137 0.98666667 0.98630137
 1.         1.         0.97222222 1.         1.         0.98591549
 0.98630137 0.98630137 1.         0.98630137 1.         1.
 0.95652174 0.97142857 1.         0.98630137 0.97297297 0.98630137
 0.98630137 0.97222222 1.         0.98630137 0.98591549 0.98630137
 1.         1.         0.97222222 0.98630137 1.         0.98630137
 1.         0.97142857 1.         0.97222222 0.97297297 0.98591549
 1.         0.98630137 0.97368421 1.         1.         0.95774648
 0.98630137 0.98591549 1.         1.         1.         1.
 1.         0.95890411 0.97142857 0.98630137 1.         1.
 0.98591549 1.         0.97297297 1.         0.98666667 1.
 1.         0.98630137 1.         0.95652174 1.         0.97297297
 1.         0.98630137 1.         0.98591549 1.         0.98591549
 0.98591549 0.98630137 0.97297297 0.98630137 1.         0.98630137
 0.98630137 0.98630137 1.         0.98630137 0.98630137 1.
 0.98630137 1.         0.97222222 0.98591549]
Mean f1: 0.9885143447241544
Dev: 0.011505644977459782


XGBRF_GAN Cross-Validation Results f1:
 [0.97368421 1.         0.96       0.97297297 1.         0.96
 1.         0.98630137 0.98630137 0.98630137 0.98666667 0.97297297
 0.97297297 1.         0.98630137 0.98630137 0.98630137 1.
 0.97297297 0.96       1.         0.96       0.98630137 1.
 0.96       1.         1.         0.97297297 0.97297297 0.97297297
 1.         0.98630137 0.98630137 0.96       0.97297297 0.96
 1.         0.98630137 0.98630137 0.98630137 0.98666667 0.96
 0.98630137 0.98630137 1.         0.98630137 0.96       1.
 0.97297297 0.98630137 0.925      1.         0.97297297 0.97297297
 0.98630137 0.98630137 0.98630137 1.         1.         1.
 1.         0.96       0.96       0.98630137 0.98630137 0.98630137
 1.         0.98630137 0.97297297 0.98630137 0.98666667 0.98630137
 1.         0.97297297 0.98630137 0.97297297 0.98630137 0.96
 1.         0.98630137 0.97368421 1.         0.97297297 1.
 0.98630137 0.98630137 0.94736842 0.98630137 1.         0.97297297
 0.97368421 0.97297297 0.98630137 0.97297297 0.98630137 1.
 0.97297297 0.98630137 0.98630137 0.98630137]
Mean f1: 0.9826675685418657
Dev: 0.014421821376218379


XGBRF_borderline Cross-Validation Results f1:
 [0.98666667 1.         0.98591549 0.97297297 1.         0.98630137
 1.         1.         1.         0.98630137 0.98666667 0.98630137
 1.         1.         0.97222222 1.         1.         1.
 0.98630137 0.98630137 1.         0.98630137 1.         1.
 0.98591549 1.         1.         0.98630137 0.97297297 0.98630137
 1.         0.98630137 1.         0.98630137 1.         0.98630137
 1.         1.         0.97222222 0.98630137 1.         0.98630137
 1.         1.         1.         0.98630137 0.97297297 0.98591549
 1.         0.98630137 0.97368421 1.         1.         0.97297297
 0.98630137 0.98591549 1.         1.         1.         1.
 1.         0.95890411 1.         0.98630137 1.         1.
 1.         1.         0.97297297 1.         0.98666667 1.
 1.         0.98630137 1.         0.98591549 1.         0.97297297
 1.         0.98630137 1.         1.         1.         0.98591549
 1.         0.98630137 0.97297297 0.98630137 1.         0.98630137
 0.98630137 0.98630137 1.         0.98630137 0.98630137 1.
 0.98630137 1.         0.98630137 1.        ]
Mean f1: 0.9917977488928148
Dev: 0.00963741372280604


