LR Cross-Validation Results precision:
 [0.97368421 1.         0.92307692 0.94736842 0.97297297 0.92307692
 0.97297297 1.         0.97297297 0.94736842 0.97368421 0.97297297
 0.94736842 0.94736842 1.         1.         0.97297297 0.94736842
 0.94736842 0.92307692 1.         0.97297297 1.         0.97297297
 0.94736842 0.92307692 1.         0.92307692 0.94736842 0.92307692
 0.94871795 0.94736842 0.97297297 0.92307692 1.         0.94736842
 0.97297297 0.97297297 0.97297297 0.94736842 0.97368421 0.94736842
 0.92307692 1.         1.         0.87804878 0.97297297 0.97297297
 0.94736842 0.92307692 0.925      1.         0.94736842 0.92307692
 0.92307692 1.         1.         0.97297297 0.94736842 1.
 0.94871795 0.92307692 0.92307692 1.         0.97297297 0.97297297
 0.97297297 1.         0.94736842 0.94736842 0.94871795 1.
 0.94736842 0.97297297 0.94736842 0.94594595 0.94736842 0.9
 1.         0.94736842 0.97368421 0.94736842 0.94736842 0.97222222
 1.         0.92307692 0.94736842 0.97297297 0.97297297 0.92307692
 0.94871795 0.97297297 0.9        0.92307692 1.         1.
 0.9        1.         0.97297297 0.97297297]
Mean precision: 0.9599527683850533
Dev: 0.029164890350320195


LR_mix Cross-Validation Results precision:
 [0.97297297 1.         0.8974359  0.97297297 1.         0.8974359
 0.97297297 1.         0.97297297 0.94117647 0.97297297 0.97297297
 0.97222222 0.94736842 1.         1.         0.94594595 0.94736842
 0.94594595 0.94736842 1.         0.97297297 1.         0.97297297
 0.94444444 0.91666667 1.         0.94736842 0.94736842 0.92307692
 0.97368421 0.91891892 1.         0.92307692 1.         0.94736842
 0.97142857 0.97297297 0.97142857 0.94594595 0.97368421 0.97297297
 0.92307692 0.97222222 1.         0.97222222 0.97222222 0.97142857
 0.94594595 0.92307692 0.92105263 0.97297297 0.94736842 0.94736842
 0.92105263 1.         0.97297297 0.97222222 0.94594595 1.
 0.94736842 0.92105263 0.91891892 1.         0.97222222 0.97222222
 0.97297297 1.         0.94736842 0.94594595 0.94871795 1.
 0.94736842 0.97222222 0.94736842 0.94444444 0.94736842 0.94736842
 0.97297297 0.94444444 0.97222222 0.94736842 0.94285714 0.97222222
 1.         0.97222222 0.8974359  1.         0.97297297 0.92307692
 0.94736842 0.97222222 0.9        0.94736842 1.         1.
 0.875      1.         0.97297297 0.97222222]
Mean precision: 0.9611548902779553
Dev: 0.028888552326415868


LR_smote Cross-Validation Results precision:
 [0.97368421 1.         0.92105263 0.94736842 0.97297297 0.92307692
 0.97297297 1.         1.         0.94444444 0.97368421 1.
 0.97297297 0.94594595 1.         1.         0.97142857 0.94594595
 0.94736842 0.92307692 1.         0.97297297 1.         0.97297297
 1.         0.92307692 1.         0.94736842 0.94736842 0.94736842
 0.97368421 0.94594595 1.         0.94736842 1.         0.94736842
 0.97297297 0.97297297 0.97222222 0.94736842 0.97368421 0.97297297
 0.92307692 1.         1.         0.92307692 0.97297297 0.97222222
 0.97222222 0.92307692 0.92307692 1.         0.94736842 0.94444444
 0.92307692 1.         1.         0.97297297 0.94736842 1.
 0.94871795 0.91891892 0.94444444 1.         1.         0.97297297
 0.97297297 1.         0.97297297 0.94594595 0.97297297 1.
 0.94736842 0.97297297 0.94594595 0.97058824 0.94736842 0.94736842
 1.         0.97297297 0.97368421 0.97222222 0.94444444 0.97222222
 1.         0.94736842 0.94736842 1.         0.97297297 0.94736842
 0.94736842 0.97142857 0.9        0.97297297 1.         1.
 0.9        1.         0.97222222 0.97297297]
Mean precision: 0.9668776179983612
Dev: 0.026754385484910565


LR_GAN Cross-Validation Results precision:
 [0.97297297 1.         0.87179487 1.         0.97297297 0.9
 0.97297297 1.         0.97297297 0.97142857 0.97297297 0.97297297
 0.94444444 0.97222222 1.         1.         0.97142857 0.97297297
 0.94444444 0.97297297 1.         0.94594595 1.         1.
 0.94444444 0.89473684 1.         0.97297297 0.97142857 0.94444444
 0.97297297 0.91666667 1.         0.94594595 1.         0.92307692
 0.94444444 0.97222222 1.         0.94594595 0.97297297 0.97297297
 0.91891892 0.97297297 0.97297297 0.97297297 0.97222222 0.97058824
 0.97058824 0.97142857 0.87804878 1.         0.94736842 1.
 0.94444444 0.97222222 0.97222222 0.97142857 0.94736842 1.
 0.94871795 0.97058824 0.91891892 1.         0.97297297 1.
 0.97297297 0.97297297 0.94736842 0.97058824 1.         1.
 0.97222222 1.         1.         0.91666667 0.94736842 0.94444444
 0.97222222 0.97222222 0.97297297 1.         0.94736842 0.97222222
 1.         0.97058824 0.8974359  1.         0.97297297 0.94594595
 0.94594595 1.         0.92105263 0.97142857 1.         1.
 0.92307692 1.         0.94736842 0.97222222]
Mean precision: 0.9671735764332609
Dev: 0.029541177046411658


LR_borderline Cross-Validation Results precision:
 [0.97368421 1.         0.92307692 0.94736842 0.97297297 0.92307692
 0.97297297 1.         0.97297297 0.94736842 0.97368421 0.97297297
 0.94736842 0.94736842 1.         1.         0.97297297 0.94736842
 0.94736842 0.92307692 1.         0.97297297 1.         0.97297297
 0.94736842 0.92307692 1.         0.92307692 0.94736842 0.92307692
 0.94871795 0.94736842 0.97297297 0.92307692 1.         0.94736842
 0.97297297 0.97297297 0.97297297 0.94736842 0.97368421 0.94736842
 0.92307692 1.         1.         0.87804878 0.97297297 0.97297297
 0.94736842 0.92307692 0.925      1.         0.94736842 0.92307692
 0.92307692 1.         1.         0.97297297 0.94736842 1.
 0.94871795 0.92307692 0.92307692 1.         0.97297297 0.97297297
 0.97297297 1.         0.94736842 0.94736842 0.94871795 1.
 0.94736842 0.97297297 0.94736842 0.94594595 0.94736842 0.9
 1.         0.94736842 0.97368421 0.94736842 0.94736842 0.97222222
 1.         0.92307692 0.94736842 0.97297297 0.97297297 0.92307692
 0.94871795 0.97297297 0.9        0.92307692 1.         1.
 0.9        1.         0.97297297 0.97297297]
Mean precision: 0.9599527683850533
Dev: 0.029164890350320195


DT Cross-Validation Results precision:
 [1.         1.         1.         1.         1.         1.
 1.         1.         1.         0.97222222 1.         1.
 1.         1.         1.         1.         1.         1.
 0.97297297 1.         1.         1.         1.         1.
 1.         1.         1.         1.         0.97297297 1.
 1.         1.         1.         0.97297297 1.         1.
 1.         1.         1.         1.         1.         1.
 1.         1.         1.         1.         0.94736842 1.
 1.         0.97297297 1.         1.         1.         1.
 0.97297297 1.         1.         1.         1.         1.
 1.         0.94594595 1.         1.         1.         1.
 1.         1.         0.94736842 1.         1.         1.
 1.         1.         1.         1.         1.         1.
 1.         0.97297297 1.         1.         1.         1.
 1.         1.         1.         1.         1.         0.97297297
 1.         1.         1.         1.         1.         1.
 1.         1.         0.97297297 1.        ]
Mean precision: 0.9959668879405722
Dev: 0.011597712763257806


DT_mix Cross-Validation Results precision:
 [1.         1.         1.         1.         1.         0.92307692
 1.         1.         1.         0.97297297 1.         1.
 0.97297297 1.         1.         1.         1.         1.
 0.94444444 0.97297297 1.         0.97297297 1.         1.
 0.94736842 1.         1.         1.         0.97297297 1.
 1.         1.         1.         0.97297297 0.97297297 0.97297297
 1.         1.         1.         0.97297297 0.97368421 1.
 0.97297297 1.         1.         1.         0.94736842 1.
 1.         0.97142857 0.97368421 1.         0.97142857 1.
 0.97142857 1.         1.         1.         1.         1.
 1.         0.94736842 0.97297297 0.97222222 1.         1.
 1.         0.97297297 0.97297297 1.         0.97368421 1.
 0.97297297 1.         1.         1.         0.97297297 0.97297297
 1.         0.97297297 0.97368421 1.         0.97297297 1.
 1.         0.97297297 0.97297297 1.         1.         0.97297297
 0.94871795 1.         1.         1.         1.         1.
 0.97297297 1.         0.97297297 1.        ]
Mean precision: 0.9881796773638879
Dev: 0.016959636460180706


DT_smote Cross-Validation Results precision:
 [1.         1.         1.         1.         1.         1.
 1.         1.         1.         0.97222222 1.         1.
 1.         1.         1.         1.         1.         1.
 0.97297297 1.         1.         1.         1.         1.
 1.         1.         1.         1.         0.97297297 1.
 1.         1.         1.         0.97297297 1.         1.
 1.         1.         1.         1.         1.         1.
 1.         1.         1.         1.         0.94736842 1.
 1.         0.97297297 1.         1.         1.         1.
 0.97297297 1.         1.         1.         1.         1.
 1.         0.94594595 1.         1.         1.         1.
 1.         1.         0.94736842 1.         1.         1.
 1.         1.         1.         1.         1.         1.
 1.         0.97297297 1.         1.         1.         1.
 1.         1.         1.         1.         1.         0.97297297
 1.         1.         1.         1.         1.         1.
 1.         1.         0.97297297 1.        ]
Mean precision: 0.9959668879405722
Dev: 0.011597712763257806


DT_GAN Cross-Validation Results precision:
 [0.97368421 1.         0.94736842 0.97297297 1.         0.92307692
 1.         0.97297297 0.97297297 0.97297297 1.         0.94736842
 0.97297297 1.         0.97297297 0.97297297 0.97297297 1.
 0.94736842 0.94736842 1.         0.92307692 0.97297297 1.
 0.94736842 1.         1.         0.97297297 0.94736842 0.97297297
 1.         1.         0.97297297 0.92307692 0.97297297 0.92307692
 1.         0.97297297 1.         0.97297297 0.97368421 0.94736842
 1.         0.97297297 1.         1.         0.92307692 1.
 0.94736842 0.97297297 0.88095238 1.         0.97297297 0.97142857
 0.97297297 0.97297297 0.97297297 1.         1.         1.
 1.         0.92307692 0.92307692 0.97297297 0.97297297 0.97297297
 1.         1.         0.94736842 0.97297297 0.97368421 0.97297297
 1.         0.97297297 0.97297297 0.94444444 0.97297297 0.94736842
 1.         0.97297297 0.94871795 1.         0.97297297 1.
 0.97297297 1.         0.92307692 0.97297297 1.         0.94736842
 0.94871795 0.97297297 0.97297297 0.97297297 0.97297297 1.
 0.97297297 0.97297297 0.97297297 0.97297297]
Mean precision: 0.9731287383392646
Dev: 0.024690672626628288


DT_borderline Cross-Validation Results precision:
 [1.         1.         1.         1.         1.         1.
 1.         1.         1.         0.97222222 1.         1.
 1.         1.         1.         1.         1.         1.
 0.97297297 1.         1.         1.         1.         1.
 1.         1.         1.         1.         0.97297297 1.
 1.         1.         1.         0.97297297 1.         1.
 1.         1.         1.         1.         1.         1.
 1.         1.         1.         1.         0.94736842 1.
 1.         0.97297297 1.         1.         1.         1.
 0.97297297 1.         1.         1.         1.         1.
 1.         0.94594595 1.         1.         1.         1.
 1.         1.         0.94736842 1.         1.         1.
 1.         1.         1.         1.         1.         1.
 1.         0.97297297 1.         1.         1.         1.
 1.         1.         1.         1.         1.         0.97297297
 1.         1.         1.         1.         1.         1.
 1.         1.         0.97297297 1.        ]
Mean precision: 0.9959668879405722
Dev: 0.011597712763257806


RF Cross-Validation Results precision:
 [1.         1.         1.         0.97297297 1.         0.97297297
 1.         1.         1.         0.97297297 1.         0.97297297
 1.         1.         0.97222222 1.         1.         1.
 0.97297297 1.         1.         0.97297297 1.         1.
 1.         1.         1.         1.         0.94736842 0.97297297
 1.         1.         1.         0.97297297 1.         0.97297297
 1.         1.         1.         0.97297297 1.         1.
 1.         1.         1.         0.97297297 0.94736842 1.
 1.         0.97297297 0.97368421 1.         1.         0.97297297
 0.97297297 1.         1.         1.         1.         1.
 1.         0.94594595 1.         0.97297297 1.         1.
 1.         1.         0.94736842 1.         0.97368421 1.
 1.         1.         1.         1.         1.         0.97297297
 1.         0.97297297 1.         1.         1.         1.
 1.         1.         0.94736842 0.97297297 1.         0.97297297
 1.         0.97297297 1.         0.97297297 0.97297297 1.
 1.         1.         0.97297297 1.        ]
Mean precision: 0.9903338865180971
Dev: 0.01536750761926551


RF_mix Cross-Validation Results precision:
 [1.         1.         1.         1.         1.         0.94736842
 1.         1.         1.         0.97297297 1.         0.97297297
 1.         1.         1.         1.         1.         1.
 0.97297297 0.97297297 1.         0.97297297 1.         1.
 1.         1.         1.         1.         0.94736842 1.
 1.         1.         1.         0.97297297 1.         0.97297297
 1.         1.         1.         0.97297297 1.         1.
 1.         1.         1.         1.         0.94736842 1.
 1.         0.97297297 0.97368421 1.         1.         1.
 0.97297297 1.         1.         1.         1.         1.
 1.         0.94736842 0.97297297 0.97297297 1.         1.
 1.         1.         0.97297297 1.         1.         1.
 1.         1.         1.         1.         1.         0.97297297
 1.         0.97297297 0.97368421 1.         1.         1.
 1.         1.         1.         0.97297297 1.         0.97297297
 1.         1.         1.         0.97297297 0.97297297 1.
 0.97297297 1.         0.97297297 1.        ]
Mean precision: 0.9916927453769558
Dev: 0.014458212203561924


RF_smote Cross-Validation Results precision:
 [0.97368421 1.         1.         0.97297297 1.         0.94736842
 1.         1.         1.         0.97297297 0.97368421 0.97297297
 1.         1.         0.97222222 1.         1.         1.
 0.97297297 1.         1.         1.         1.         1.
 1.         1.         1.         1.         0.94736842 1.
 1.         0.97297297 1.         0.97297297 1.         0.97297297
 1.         1.         1.         0.97297297 1.         1.
 1.         1.         1.         1.         0.94736842 1.
 1.         0.97297297 0.94871795 1.         1.         1.
 0.97297297 1.         1.         1.         1.         1.
 1.         0.94594595 1.         0.97297297 1.         1.
 1.         1.         0.97297297 1.         1.         1.
 1.         1.         1.         1.         1.         0.97297297
 1.         0.97297297 1.         1.         1.         1.
 1.         1.         0.97297297 0.97297297 1.         0.97297297
 1.         0.97297297 1.         0.97297297 0.97297297 0.97297297
 1.         1.         0.94736842 1.        ]
Mean precision: 0.9903616065458172
Dev: 0.015760225123205875


RF_GAN Cross-Validation Results precision:
 [0.97368421 1.         1.         1.         1.         0.94736842
 1.         1.         1.         0.97297297 0.97368421 0.97297297
 1.         1.         1.         1.         1.         1.
 0.97297297 0.97297297 1.         0.97297297 1.         1.
 1.         1.         1.         1.         0.94736842 0.97297297
 1.         1.         1.         0.97297297 1.         0.94736842
 1.         1.         1.         1.         0.97368421 1.
 1.         1.         1.         1.         0.97297297 1.
 1.         0.97297297 0.94871795 1.         1.         1.
 0.97297297 1.         1.         1.         1.         1.
 1.         0.94736842 0.97297297 0.97297297 1.         1.
 1.         1.         0.97297297 1.         1.         1.
 1.         1.         1.         1.         0.97297297 0.97297297
 1.         0.97297297 0.97368421 1.         1.         1.
 1.         1.         0.97297297 0.97297297 1.         0.97297297
 1.         0.97297297 1.         1.         0.97297297 1.
 0.97297297 1.         0.97297297 1.        ]
Mean precision: 0.9901130685341212
Dev: 0.015331571114277142


RF_borderline Cross-Validation Results precision:
 [1.         1.         1.         0.97297297 1.         0.97297297
 1.         1.         1.         0.97297297 1.         0.97297297
 1.         1.         0.97222222 1.         1.         1.
 0.97297297 1.         1.         0.97297297 1.         1.
 1.         1.         1.         1.         0.94736842 0.97297297
 1.         1.         1.         0.97297297 1.         0.97297297
 1.         1.         1.         0.97297297 1.         1.
 1.         1.         1.         0.97297297 0.94736842 1.
 1.         0.97297297 0.97368421 1.         1.         0.97297297
 0.97297297 1.         1.         1.         1.         1.
 1.         0.94594595 1.         0.97297297 1.         1.
 1.         1.         0.94736842 1.         0.97368421 1.
 1.         1.         1.         1.         1.         0.97297297
 1.         0.97297297 1.         1.         1.         1.
 1.         1.         0.94736842 0.97297297 1.         0.97297297
 1.         0.97297297 1.         0.97297297 0.97297297 1.
 1.         1.         0.97297297 1.        ]
Mean precision: 0.9903338865180971
Dev: 0.01536750761926551


XGB Cross-Validation Results precision:
 [0.97368421 1.         1.         0.97297297 1.         0.97297297
 1.         1.         1.         0.97297297 0.97368421 0.97297297
 1.         1.         1.         1.         1.         1.
 0.97297297 0.97297297 1.         1.         1.         1.
 1.         1.         1.         0.97297297 0.94736842 0.97297297
 1.         0.97297297 1.         0.97297297 1.         0.97297297
 1.         1.         0.97222222 1.         1.         0.97297297
 1.         1.         1.         0.97297297 0.94736842 1.
 1.         0.97297297 0.94871795 1.         1.         0.97297297
 0.97297297 1.         1.         1.         1.         1.
 1.         0.94594595 1.         0.97297297 1.         1.
 1.         1.         0.97297297 1.         1.         1.
 1.         0.97297297 1.         1.         1.         0.94736842
 1.         0.97297297 1.         1.         1.         1.
 1.         0.97297297 0.97297297 0.97297297 1.         0.97297297
 1.         0.97297297 1.         1.         0.97297297 1.
 0.97297297 1.         0.97297297 1.        ]
Mean precision: 0.9889960304433988
Dev: 0.01560856689701543


XGB_mix Cross-Validation Results precision:
 [0.97368421 1.         1.         0.97297297 1.         0.94736842
 1.         1.         1.         0.97222222 0.97368421 0.97297297
 1.         1.         1.         1.         1.         1.
 0.94444444 0.94736842 1.         0.97142857 1.         1.
 1.         1.         1.         0.97222222 0.94736842 0.97297297
 1.         0.97222222 1.         0.97297297 1.         0.97297297
 1.         1.         0.97142857 1.         1.         0.97297297
 1.         1.         1.         0.97297297 0.97222222 1.
 1.         0.97142857 0.925      1.         1.         0.97222222
 0.97297297 1.         1.         0.97297297 1.         1.
 1.         0.94594595 0.97297297 0.97222222 1.         1.
 1.         1.         0.97222222 1.         1.         1.
 1.         0.97297297 1.         1.         1.         0.94736842
 1.         0.97297297 1.         1.         1.         1.
 1.         0.97222222 0.94736842 0.97297297 1.         0.97297297
 0.94736842 0.97297297 1.         1.         0.97142857 1.
 0.92307692 1.         0.97222222 1.        ]
Mean precision: 0.9860035514114461
Dev: 0.019269809689970645


XGB_smote Cross-Validation Results precision:
 [0.97368421 1.         1.         0.97297297 1.         1.
 1.         1.         1.         0.97297297 0.97368421 1.
 1.         1.         1.         1.         1.         1.
 0.97297297 0.97297297 1.         1.         1.         1.
 1.         1.         1.         0.97297297 0.94736842 0.97297297
 1.         0.97297297 1.         0.97222222 1.         0.97297297
 1.         1.         0.97222222 1.         1.         0.97297297
 1.         1.         1.         0.97297297 0.94736842 1.
 1.         0.97297297 0.97368421 1.         1.         0.97297297
 0.97297297 1.         1.         1.         1.         1.
 1.         0.94594595 1.         1.         1.         1.
 1.         1.         0.97297297 1.         1.         1.
 1.         0.97297297 1.         1.         1.         0.97297297
 1.         0.97297297 1.         1.         1.         1.
 1.         0.97297297 0.97297297 1.         1.         0.97297297
 1.         0.97297297 1.         1.         1.         1.
 0.97297297 1.         0.97297297 1.        ]
Mean precision: 0.9908455824245297
Dev: 0.014318878245736247


XGB_GAN Cross-Validation Results precision:
 [0.97368421 1.         0.97297297 0.97297297 1.         0.97297297
 1.         1.         1.         0.97297297 0.97368421 1.
 1.         1.         1.         1.         1.         1.
 0.97297297 0.97297297 1.         0.97297297 1.         1.
 1.         1.         1.         1.         0.94736842 0.97297297
 1.         0.97142857 1.         0.97222222 1.         0.97297297
 1.         1.         1.         1.         0.97368421 0.97297297
 1.         1.         1.         0.97297297 0.97297297 1.
 1.         0.97297297 0.925      1.         1.         0.97297297
 0.97297297 1.         1.         1.         1.         1.
 1.         0.92307692 0.97297297 1.         1.         1.
 1.         1.         0.97297297 1.         1.         1.
 1.         0.97297297 1.         0.97142857 0.97297297 1.
 1.         0.97297297 0.97368421 1.         1.         1.
 1.         1.         0.97297297 1.         1.         0.97297297
 0.94871795 0.97222222 1.         1.         1.         1.
 0.97297297 1.         0.97297297 1.        ]
Mean precision: 0.988775530736057
Dev: 0.016679391842064847


XGB_borderline Cross-Validation Results precision:
 [0.97368421 1.         1.         0.97297297 1.         0.97297297
 1.         1.         1.         0.97297297 0.97368421 0.97297297
 1.         1.         1.         1.         1.         1.
 0.97297297 0.97297297 1.         1.         1.         1.
 1.         1.         1.         0.97297297 0.94736842 0.97297297
 1.         0.97297297 1.         0.97297297 1.         0.97297297
 1.         1.         0.97222222 1.         1.         0.97297297
 1.         1.         1.         0.97297297 0.94736842 1.
 1.         0.97297297 0.94871795 1.         1.         0.97297297
 0.97297297 1.         1.         1.         1.         1.
 1.         0.94594595 1.         0.97297297 1.         1.
 1.         1.         0.97297297 1.         1.         1.
 1.         0.97297297 1.         1.         1.         0.94736842
 1.         0.97297297 1.         1.         1.         1.
 1.         0.97297297 0.97297297 0.97297297 1.         0.97297297
 1.         0.97297297 1.         1.         0.97297297 1.
 0.97297297 1.         0.97297297 1.        ]
Mean precision: 0.9889960304433988
Dev: 0.01560856689701543


XGBRF Cross-Validation Results precision:
 [0.97368421 1.         1.         0.94736842 1.         0.97297297
 1.         1.         1.         0.97297297 0.97368421 0.97297297
 1.         1.         0.97222222 1.         1.         1.
 0.97297297 0.97297297 1.         0.97297297 1.         1.
 1.         1.         1.         0.97297297 0.94736842 0.97297297
 1.         0.97297297 1.         0.97297297 1.         0.97297297
 1.         1.         0.97222222 0.97297297 1.         0.97297297
 1.         1.         1.         0.97297297 0.94736842 1.
 1.         0.97297297 0.94871795 1.         1.         0.94736842
 0.97297297 1.         1.         1.         1.         1.
 1.         0.94594595 1.         0.97297297 1.         1.
 1.         1.         0.94736842 1.         0.97368421 1.
 1.         0.97297297 1.         1.         1.         0.94736842
 1.         0.97297297 1.         1.         1.         1.
 1.         0.97297297 0.94736842 0.97297297 1.         0.97297297
 1.         0.97297297 1.         0.97297297 0.97297297 1.
 0.97297297 1.         0.97297297 1.        ]
Mean precision: 0.9866201018832598
Dev: 0.017430806415835658


XGBRF_mix Cross-Validation Results precision:
 [0.97368421 1.         1.         0.94594595 1.         0.94736842
 1.         1.         1.         0.97222222 0.97368421 0.97297297
 1.         1.         0.97297297 1.         1.         1.
 0.97222222 0.94736842 1.         0.94736842 1.         1.
 0.94736842 1.         1.         0.97297297 0.94736842 0.97297297
 1.         0.97222222 1.         0.97297297 1.         0.94736842
 1.         1.         0.97222222 0.97297297 0.97368421 0.97297297
 1.         1.         1.         0.97297297 0.94594595 1.
 1.         0.97058824 0.86046512 1.         1.         0.94736842
 0.97222222 1.         1.         1.         1.         1.
 1.         0.94736842 0.92307692 0.97297297 1.         1.
 1.         1.         0.94736842 1.         0.97368421 1.
 1.         0.97297297 1.         1.         0.97297297 0.94736842
 1.         0.97297297 0.97368421 1.         1.         1.
 1.         0.97222222 0.94736842 0.97297297 1.         0.97297297
 0.94871795 0.97297297 1.         0.97297297 0.97142857 1.
 0.94736842 1.         0.97297297 1.        ]
Mean precision: 0.9817688466582556
Dev: 0.023676066190223118


XGBRF_smote Cross-Validation Results precision:
 [0.97368421 1.         1.         0.94736842 1.         0.97297297
 1.         1.         1.         0.97297297 0.97368421 0.97297297
 1.         1.         0.97222222 1.         1.         1.
 0.97297297 0.97297297 1.         0.97297297 1.         1.
 1.         1.         1.         0.97297297 0.94736842 0.97297297
 1.         0.97222222 1.         0.97297297 1.         0.97297297
 1.         1.         0.97222222 0.97297297 1.         0.97297297
 1.         1.         1.         0.97222222 0.94736842 1.
 1.         0.97297297 0.94871795 1.         1.         0.97142857
 0.97297297 1.         1.         1.         1.         1.
 1.         0.94594595 1.         0.97297297 1.         1.
 1.         1.         0.94736842 1.         0.97368421 1.
 1.         0.97297297 1.         1.         1.         0.94736842
 1.         0.97297297 1.         1.         1.         1.
 1.         0.97297297 0.94736842 0.97297297 1.         0.97297297
 1.         0.97297297 1.         0.97297297 0.97297297 1.
 0.97297297 1.         0.97222222 1.        ]
Mean precision: 0.9868381808644966
Dev: 0.017068039714528856


XGBRF_GAN Cross-Validation Results precision:
 [0.94871795 1.         0.92307692 0.94736842 1.         0.92307692
 1.         0.97297297 0.97297297 0.97297297 0.97368421 0.94736842
 0.94736842 1.         0.97297297 0.97297297 0.97297297 1.
 0.94736842 0.92307692 1.         0.92307692 0.97297297 1.
 0.92307692 1.         1.         0.94736842 0.94736842 0.94736842
 1.         0.97297297 0.97297297 0.92307692 0.94736842 0.92307692
 1.         0.97297297 0.97297297 0.97297297 0.97368421 0.92307692
 0.97297297 0.97297297 1.         0.97297297 0.92307692 1.
 0.94736842 0.97297297 0.86046512 1.         0.94736842 0.94736842
 0.97297297 0.97297297 0.97297297 1.         1.         1.
 1.         0.92307692 0.92307692 0.97297297 0.97297297 0.97297297
 1.         0.97297297 0.94736842 0.97297297 0.97368421 0.97297297
 1.         0.94736842 0.97297297 0.94736842 0.97297297 0.92307692
 1.         0.97297297 0.94871795 1.         0.94736842 1.
 0.97297297 0.97297297 0.9        0.97297297 1.         0.94736842
 0.94871795 0.94736842 0.97297297 0.94736842 0.97297297 1.
 0.94736842 0.97297297 0.97297297 0.97297297]
Mean precision: 0.9663162169796196
Dev: 0.027552029243016033


XGBRF_borderline Cross-Validation Results precision:
 [0.97368421 1.         1.         0.94736842 1.         0.97297297
 1.         1.         1.         0.97297297 0.97368421 0.97297297
 1.         1.         0.97222222 1.         1.         1.
 0.97297297 0.97297297 1.         0.97297297 1.         1.
 1.         1.         1.         0.97297297 0.94736842 0.97297297
 1.         0.97297297 1.         0.97297297 1.         0.97297297
 1.         1.         0.97222222 0.97297297 1.         0.97297297
 1.         1.         1.         0.97297297 0.94736842 1.
 1.         0.97297297 0.94871795 1.         1.         0.94736842
 0.97297297 1.         1.         1.         1.         1.
 1.         0.94594595 1.         0.97297297 1.         1.
 1.         1.         0.94736842 1.         0.97368421 1.
 1.         0.97297297 1.         1.         1.         0.94736842
 1.         0.97297297 1.         1.         1.         1.
 1.         0.97297297 0.94736842 0.97297297 1.         0.97297297
 1.         0.97297297 1.         0.97297297 0.97297297 1.
 0.97297297 1.         0.97297297 1.        ]
Mean precision: 0.9866201018832598
Dev: 0.017430806415835658


