LR Cross-Validation Results recall:
 [1.         1.         1.         1.         0.97222222 1.
 1.         1.         1.         1.         1.         1.
 1.         1.         1.         1.         0.97222222 1.
 1.         1.         1.         1.         1.         1.
 1.         1.         0.97222222 1.         1.         1.
 1.         1.         1.         1.         1.         1.
 1.         0.97222222 1.         0.97222222 1.         1.
 1.         1.         1.         0.97222222 1.         1.
 1.         0.97222222 1.         0.97297297 1.         1.
 1.         1.         1.         1.         1.         1.
 0.97222222 1.         1.         1.         1.         0.97222222
 1.         1.         1.         1.         1.         1.
 1.         0.97222222 1.         1.         1.         0.97222222
 1.         1.         1.         1.         1.         0.97222222
 1.         1.         1.         1.         0.97222222 0.97222222
 1.         0.97297297 1.         1.         1.         1.
 1.         1.         1.         1.        ]
Mean recall: 0.9955705705705705
Dev: 0.010149583739549231


LR_NM Cross-Validation Results recall:
 [1.         0.875      1.         1.         1.         1.
 1.         1.         1.         1.         1.         1.
 1.         1.         0.86666667 1.         1.         1.
 1.         1.         0.93333333 1.         1.         1.
 1.         1.         1.         1.         1.         0.93333333
 1.         1.         1.         1.         1.         1.
 1.         1.         1.         1.         1.         1.
 1.         1.         1.         1.         1.         1.
 1.         1.         1.         1.         1.         1.
 1.         1.         1.         1.         1.         0.86666667
 1.         1.         1.         1.         1.         1.
 1.         1.         1.         1.         1.         1.
 1.         1.         1.         1.         1.         1.
 1.         1.         1.         1.         1.         1.
 1.         0.93333333 1.         1.         1.         1.
 1.         1.         1.         1.         1.         1.
 1.         1.         1.         1.        ]
Mean recall: 0.9940833333333333
Dev: 0.024700849063229467


LR_IF Cross-Validation Results recall:
 [1.         1.         1.         0.93333333 1.         1.
 1.         0.93333333 0.93333333 1.         1.         1.
 1.         1.         1.         1.         0.86666667 0.93333333
 1.         1.         0.93333333 1.         1.         1.
 1.         0.93333333 1.         0.93333333 1.         1.
 1.         1.         0.875      1.         1.         1.
 1.         1.         1.         0.93333333 1.         1.
 1.         1.         1.         0.93333333 0.93333333 0.93333333
 1.         1.         1.         1.         0.9375     0.93333333
 1.         1.         1.         0.93333333 1.         1.
 0.93333333 1.         0.9375     0.93333333 1.         1.
 1.         1.         1.         1.         0.8        1.
 1.         1.         0.93333333 1.         1.         1.
 1.         1.         1.         0.9375     1.         0.93333333
 1.         1.         1.         0.93333333 1.         1.
 1.         0.9375     0.9375     1.         1.         1.
 1.         1.         1.         0.93333333]
Mean recall: 0.9796250000000001
Dev: 0.036859789706701014


LR_MD Cross-Validation Results recall:
 [1.         1.         1.         0.93333333 1.         1.
 1.         0.93333333 0.93333333 1.         1.         0.9375
 1.         1.         1.         1.         0.86666667 0.93333333
 1.         1.         1.         0.9375     1.         1.
 1.         0.93333333 0.93333333 1.         1.         1.
 1.         1.         0.93333333 0.93333333 0.93333333 1.
 1.         1.         1.         1.         1.         1.
 1.         1.         1.         0.86666667 1.         1.
 0.93333333 1.         1.         1.         0.93333333 0.93333333
 1.         1.         0.93333333 1.         1.         1.
 0.93333333 0.9375     1.         1.         1.         0.93333333
 1.         0.93333333 1.         1.         0.86666667 1.
 1.         0.93333333 0.93333333 1.         1.         1.
 1.         1.         1.         0.9375     1.         1.
 1.         1.         1.         0.93333333 0.86666667 1.
 1.         0.9375     0.93333333 1.         1.         1.
 1.         1.         1.         0.93333333]
Mean recall: 0.9775416666666668
Dev: 0.036542854408671104


LR_LOF Cross-Validation Results recall:
 [0.9375     1.         0.94117647 1.         0.9375     1.
 1.         1.         1.         1.         0.875      1.
 1.         1.         1.         1.         1.         1.
 1.         1.         1.         0.94117647 1.         0.88235294
 1.         1.         1.         1.         0.9375     1.
 1.         1.         0.94117647 1.         0.875      1.
 1.         1.         1.         1.         1.         0.88235294
 1.         1.         1.         1.         1.         0.8125
 1.         1.         1.         1.         1.         1.
 1.         1.         0.9375     0.9375     0.9375     1.
 1.         0.88235294 1.         1.         1.         0.9375
 0.9375     1.         1.         1.         1.         0.94117647
 1.         1.         0.9375     1.         1.         0.9375
 1.         1.         1.         0.94117647 1.         0.94117647
 1.         1.         1.         1.         1.         0.9375
 1.         1.         0.94117647 0.94117647 1.         0.9375
 1.         1.         1.         1.        ]
Mean recall: 0.979889705882353
Dev: 0.03768859367226482


LR_CC Cross-Validation Results recall:
 [1.         1.         1.         1.         0.86666667 1.
 0.93333333 1.         0.93333333 1.         1.         1.
 0.86666667 0.93333333 1.         1.         1.         1.
 1.         1.         1.         1.         1.         0.93333333
 1.         1.         1.         0.93333333 0.93333333 1.
 1.         1.         1.         1.         1.         1.
 0.93333333 0.93333333 1.         1.         1.         0.9375
 1.         1.         1.         1.         0.86666667 1.
 1.         1.         1.         1.         0.93333333 1.
 1.         1.         1.         1.         1.         0.93333333
 1.         1.         1.         0.8        1.         1.
 1.         1.         1.         1.         0.93333333 1.
 1.         0.86666667 1.         1.         1.         1.
 1.         1.         1.         1.         1.         0.93333333
 1.         1.         0.86666667 1.         1.         1.
 1.         0.9375     1.         1.         1.         1.
 1.         1.         1.         0.93333333]
Mean recall: 0.9814166666666668
Dev: 0.03999314177317016


DT Cross-Validation Results recall:
 [1.         1.         1.         1.         1.         1.
 1.         1.         0.97222222 1.         1.         1.
 1.         1.         1.         1.         1.         0.97222222
 1.         1.         1.         1.         0.97222222 1.
 1.         1.         1.         1.         1.         1.
 1.         0.97297297 1.         1.         1.         1.
 1.         1.         1.         1.         1.         1.
 1.         1.         1.         1.         1.         0.97222222
 1.         1.         1.         1.         1.         1.
 1.         0.97222222 1.         1.         1.         1.
 1.         1.         1.         1.         0.97222222 1.
 1.         1.         1.         1.         1.         1.
 1.         1.         1.         1.         1.         1.
 0.97222222 1.         1.         1.         1.         0.97222222
 1.         1.         1.         1.         1.         1.
 1.         1.         1.         1.         1.         1.
 1.         0.97222222 1.         1.        ]
Mean recall: 0.9972297297297297
Dev: 0.008311115988439678


DT_NM Cross-Validation Results recall:
 [1.         0.9375     1.         1.         1.         1.
 1.         1.         1.         1.         1.         0.9375
 1.         1.         1.         1.         1.         1.
 1.         1.         0.93333333 1.         1.         1.
 1.         1.         1.         1.         1.         1.
 1.         1.         1.         0.93333333 1.         1.
 1.         1.         1.         1.         1.         1.
 1.         1.         0.93333333 1.         1.         1.
 1.         1.         1.         1.         1.         1.
 0.93333333 1.         1.         1.         1.         1.
 1.         1.         1.         1.         1.         1.
 1.         0.93333333 1.         1.         1.         1.
 1.         0.93333333 1.         1.         1.         1.
 1.         1.         1.         1.         1.         0.93333333
 1.         1.         1.         1.         1.         1.
 1.         1.         1.         1.         1.         0.93333333
 1.         1.         1.         1.        ]
Mean recall: 0.9934166666666667
Dev: 0.019757031097251875


DT_IF Cross-Validation Results recall:
 [0.93333333 1.         1.         1.         1.         1.
 1.         1.         1.         1.         1.         1.
 1.         1.         1.         0.93333333 1.         1.
 1.         1.         1.         1.         1.         1.
 1.         1.         1.         1.         1.         0.93333333
 0.93333333 1.         1.         1.         1.         1.
 1.         1.         1.         1.         1.         1.
 1.         1.         1.         1.         1.         1.
 1.         0.93333333 1.         1.         0.9375     1.
 1.         1.         1.         1.         1.         1.
 1.         1.         1.         1.         0.93333333 1.
 1.         1.         1.         1.         1.         1.
 1.         1.         1.         0.93333333 1.         1.
 1.         1.         1.         1.         1.         0.93333333
 1.         1.         1.         1.         1.         1.
 1.         1.         1.         1.         1.         1.
 1.         1.         0.93333333 1.        ]
Mean recall: 0.993375
Dev: 0.019878930428974293


DT_MD Cross-Validation Results recall:
 [0.93333333 1.         1.         1.         1.         1.
 1.         1.         1.         1.         1.         1.
 1.         1.         1.         0.93333333 0.86666667 1.
 1.         1.         1.         1.         1.         1.
 1.         1.         1.         1.         1.         1.
 0.93333333 1.         1.         1.         1.         1.
 1.         1.         1.         1.         1.         1.
 1.         1.         1.         1.         1.         1.
 1.         0.93333333 1.         1.         0.93333333 1.
 1.         1.         1.         1.         1.         1.
 1.         1.         1.         1.         1.         1.
 0.93333333 1.         1.         1.         1.         1.
 1.         1.         1.         0.93333333 1.         1.
 1.         1.         1.         1.         1.         1.
 1.         1.         1.         1.         1.         0.93333333
 1.         1.         1.         1.         1.         1.
 1.         1.         0.93333333 1.        ]
Mean recall: 0.9926666666666667
Dev: 0.022891046284519188


DT_LOF Cross-Validation Results recall:
 [1.         1.         0.94117647 1.         1.         1.
 1.         1.         1.         1.         0.9375     1.
 1.         1.         1.         1.         1.         1.
 1.         1.         1.         1.         1.         1.
 1.         1.         1.         1.         0.9375     1.
 1.         1.         1.         1.         1.         1.
 1.         0.9375     1.         1.         1.         1.
 0.94117647 1.         1.         1.         1.         1.
 1.         1.         1.         1.         1.         1.
 0.9375     1.         1.         1.         1.         1.
 1.         1.         1.         1.         1.         1.
 1.         1.         1.         0.9375     1.         1.
 1.         1.         0.9375     1.         1.         1.
 1.         1.         0.9375     1.         1.         1.
 1.         1.         1.         1.         1.         1.
 1.         0.94117647 1.         1.         1.         1.
 1.         1.         1.         1.        ]
Mean recall: 0.9938602941176471
Dev: 0.01842682121397782


DT_CC Cross-Validation Results recall:
 [1. 1. 1. 1. 1. 1. 1. 1. 1. 1. 1. 1. 1. 1. 1. 1. 1. 1. 1. 1. 1. 1. 1. 1.
 1. 1. 1. 1. 1. 1. 1. 1. 1. 1. 1. 1. 1. 1. 1. 1. 1. 1. 1. 1. 1. 1. 1. 1.
 1. 1. 1. 1. 1. 1. 1. 1. 1. 1. 1. 1. 1. 1. 1. 1. 1. 1. 1. 1. 1. 1. 1. 1.
 1. 1. 1. 1. 1. 1. 1. 1. 1. 1. 1. 1. 1. 1. 1. 1. 1. 1. 1. 1. 1. 1. 1. 1.
 1. 1. 1. 1.]
Mean recall: 1.0
Dev: 0.0


RF Cross-Validation Results recall:
 [1.         1.         1.         1.         1.         1.
 1.         1.         1.         1.         1.         1.
 1.         1.         1.         1.         1.         0.97222222
 1.         1.         1.         1.         1.         1.
 1.         1.         1.         1.         1.         1.
 1.         0.97297297 1.         1.         1.         1.
 1.         1.         1.         1.         1.         1.
 1.         1.         1.         1.         1.         1.
 1.         1.         1.         1.         1.         1.
 1.         1.         1.         1.         1.         1.
 1.         1.         1.         1.         0.97222222 1.
 1.         1.         1.         1.         1.         1.
 1.         1.         1.         1.         1.         1.
 0.97222222 1.         1.         1.         1.         0.97222222
 1.         1.         1.         1.         1.         1.
 1.         1.         1.         1.         1.         1.
 1.         1.         1.         1.        ]
Mean recall: 0.9986186186186186
Dev: 0.0060216762541034675


RF_NM Cross-Validation Results recall:
 [1.         0.9375     1.         1.         1.         1.
 1.         1.         1.         1.         1.         1.
 1.         1.         1.         1.         1.         1.
 1.         1.         0.93333333 1.         1.         1.
 1.         1.         1.         1.         1.         1.
 1.         1.         1.         0.93333333 1.         1.
 1.         1.         1.         1.         1.         1.
 1.         1.         1.         1.         1.         1.
 1.         1.         1.         1.         1.         1.
 1.         1.         1.         1.         1.         1.
 1.         1.         1.         1.         1.         1.
 1.         0.93333333 1.         1.         1.         1.
 1.         0.93333333 1.         1.         1.         1.
 0.93333333 1.         1.         1.         1.         0.93333333
 1.         1.         1.         1.         1.         1.
 1.         1.         1.         1.         1.         1.
 1.         1.         1.         1.        ]
Mean recall: 0.9953749999999999
Dev: 0.016862340930803958


RF_IF Cross-Validation Results recall:
 [1.         1.         1.         1.         1.         1.
 1.         1.         1.         1.         1.         1.
 1.         1.         1.         0.93333333 1.         1.
 1.         1.         1.         1.         1.         1.
 1.         1.         1.         1.         1.         1.
 0.93333333 1.         1.         1.         1.         1.
 1.         1.         1.         1.         1.         1.
 1.         1.         1.         1.         1.         1.
 1.         1.         1.         1.         0.9375     1.
 1.         1.         1.         1.         1.         1.
 1.         1.         1.         1.         0.93333333 1.
 1.         1.         1.         1.         0.93333333 1.
 1.         1.         1.         0.93333333 1.         1.
 1.         1.         1.         1.         1.         0.93333333
 1.         1.         1.         1.         1.         1.
 1.         1.         1.         1.         1.         1.
 1.         1.         0.93333333 1.        ]
Mean recall: 0.9947083333333333
Dev: 0.017949146915661473


RF_MD Cross-Validation Results recall:
 [1.         1.         1.         0.93333333 1.         1.
 1.         1.         1.         1.         1.         1.
 1.         1.         1.         0.93333333 0.86666667 1.
 1.         1.         1.         1.         1.         1.
 1.         1.         0.93333333 1.         1.         1.
 0.93333333 1.         1.         0.8        0.93333333 1.
 1.         1.         1.         1.         1.         1.
 1.         1.         1.         0.93333333 1.         1.
 0.93333333 0.93333333 1.         1.         1.         0.93333333
 1.         1.         0.86666667 1.         1.         1.
 1.         1.         1.         1.         1.         0.93333333
 0.93333333 0.93333333 1.         1.         1.         1.
 1.         1.         0.93333333 1.         1.         1.
 1.         1.         1.         1.         1.         1.
 1.         1.         1.         1.         0.86666667 0.93333333
 1.         1.         1.         1.         1.         1.
 1.         1.         0.93333333 0.93333333]
Mean recall: 0.9833333333333334
Dev: 0.036968455021364706


RF_LOF Cross-Validation Results recall:
 [1.         1.         1.         1.         1.         1.
 1.         1.         1.         1.         1.         1.
 1.         1.         1.         1.         1.         1.
 1.         1.         1.         1.         1.         1.
 1.         1.         1.         1.         0.9375     1.
 1.         1.         1.         1.         1.         1.
 0.9375     1.         1.         1.         1.         1.
 0.94117647 1.         1.         1.         1.         1.
 1.         1.         1.         1.         1.         1.
 1.         1.         1.         1.         1.         1.
 1.         1.         1.         1.         1.         1.
 1.         1.         1.         0.9375     1.         1.
 1.         1.         1.         1.         1.         1.
 1.         1.         1.         1.         1.         1.
 1.         1.         1.         1.         1.         1.
 1.         1.         1.         1.         1.         1.
 1.         1.         1.         1.        ]
Mean recall: 0.9975367647058824
Dev: 0.01207153875901414


RF_CC Cross-Validation Results recall:
 [1. 1. 1. 1. 1. 1. 1. 1. 1. 1. 1. 1. 1. 1. 1. 1. 1. 1. 1. 1. 1. 1. 1. 1.
 1. 1. 1. 1. 1. 1. 1. 1. 1. 1. 1. 1. 1. 1. 1. 1. 1. 1. 1. 1. 1. 1. 1. 1.
 1. 1. 1. 1. 1. 1. 1. 1. 1. 1. 1. 1. 1. 1. 1. 1. 1. 1. 1. 1. 1. 1. 1. 1.
 1. 1. 1. 1. 1. 1. 1. 1. 1. 1. 1. 1. 1. 1. 1. 1. 1. 1. 1. 1. 1. 1. 1. 1.
 1. 1. 1. 1.]
Mean recall: 1.0
Dev: 0.0


XGB Cross-Validation Results recall:
 [1. 1. 1. 1. 1. 1. 1. 1. 1. 1. 1. 1. 1. 1. 1. 1. 1. 1. 1. 1. 1. 1. 1. 1.
 1. 1. 1. 1. 1. 1. 1. 1. 1. 1. 1. 1. 1. 1. 1. 1. 1. 1. 1. 1. 1. 1. 1. 1.
 1. 1. 1. 1. 1. 1. 1. 1. 1. 1. 1. 1. 1. 1. 1. 1. 1. 1. 1. 1. 1. 1. 1. 1.
 1. 1. 1. 1. 1. 1. 1. 1. 1. 1. 1. 1. 1. 1. 1. 1. 1. 1. 1. 1. 1. 1. 1. 1.
 1. 1. 1. 1.]
Mean recall: 1.0
Dev: 0.0


XGB_NM Cross-Validation Results recall:
 [1. 1. 1. 1. 1. 1. 1. 1. 1. 1. 1. 1. 1. 1. 1. 1. 1. 1. 1. 1. 1. 1. 1. 1.
 1. 1. 1. 1. 1. 1. 1. 1. 1. 1. 1. 1. 1. 1. 1. 1. 1. 1. 1. 1. 1. 1. 1. 1.
 1. 1. 1. 1. 1. 1. 1. 1. 1. 1. 1. 1. 1. 1. 1. 1. 1. 1. 1. 1. 1. 1. 1. 1.
 1. 1. 1. 1. 1. 1. 1. 1. 1. 1. 1. 1. 1. 1. 1. 1. 1. 1. 1. 1. 1. 1. 1. 1.
 1. 1. 1. 1.]
Mean recall: 1.0
Dev: 0.0


XGB_IF Cross-Validation Results recall:
 [1. 1. 1. 1. 1. 1. 1. 1. 1. 1. 1. 1. 1. 1. 1. 1. 1. 1. 1. 1. 1. 1. 1. 1.
 1. 1. 1. 1. 1. 1. 1. 1. 1. 1. 1. 1. 1. 1. 1. 1. 1. 1. 1. 1. 1. 1. 1. 1.
 1. 1. 1. 1. 1. 1. 1. 1. 1. 1. 1. 1. 1. 1. 1. 1. 1. 1. 1. 1. 1. 1. 1. 1.
 1. 1. 1. 1. 1. 1. 1. 1. 1. 1. 1. 1. 1. 1. 1. 1. 1. 1. 1. 1. 1. 1. 1. 1.
 1. 1. 1. 1.]
Mean recall: 1.0
Dev: 0.0


XGB_MD Cross-Validation Results recall:
 [1.         1.         1.         1.         1.         1.
 1.         0.93333333 1.         1.         1.         1.
 1.         1.         1.         1.         0.93333333 1.
 1.         1.         1.         1.         1.         1.
 1.         0.93333333 1.         1.         1.         1.
 1.         1.         1.         0.86666667 0.93333333 1.
 1.         1.         1.         1.         1.         1.
 1.         1.         1.         0.93333333 1.         1.
 1.         1.         1.         1.         1.         0.93333333
 1.         1.         1.         1.         1.         1.
 0.93333333 1.         1.         1.         1.         1.
 1.         1.         1.         1.         1.         1.
 1.         1.         0.93333333 1.         1.         1.
 1.         1.         1.         1.         1.         0.93333333
 1.         1.         1.         0.93333333 0.93333333 1.
 1.         1.         1.         1.         1.         1.
 1.         1.         1.         0.93333333]
Mean recall: 0.9906666666666668
Dev: 0.024979991993593582


XGB_LOF Cross-Validation Results recall:
 [1.         1.         1.         1.         1.         1.
 1.         1.         1.         1.         1.         1.
 1.         1.         1.         1.         1.         1.
 1.         1.         1.         1.         1.         1.
 0.9375     1.         1.         1.         1.         1.
 1.         1.         1.         1.         1.         1.
 1.         0.9375     1.         1.         1.         1.
 1.         1.         1.         1.         1.         1.
 1.         1.         1.         0.94117647 1.         1.
 1.         1.         1.         1.         1.         1.
 1.         1.         1.         1.         1.         1.
 1.         1.         1.         1.         1.         1.
 1.         1.         1.         1.         1.         1.
 1.         1.         1.         1.         1.         1.
 1.         1.         1.         1.         1.         1.
 1.         1.         1.         1.         1.         1.
 1.         1.         1.         1.        ]
Mean recall: 0.9981617647058824
Dev: 0.010456957833329334


XGB_CC Cross-Validation Results recall:
 [1.         1.         1.         1.         1.         1.
 1.         1.         1.         1.         1.         1.
 1.         1.         1.         1.         1.         1.
 0.93333333 1.         1.         1.         1.         1.
 1.         1.         1.         1.         1.         1.
 1.         1.         1.         1.         1.         1.
 1.         1.         1.         1.         1.         1.
 1.         0.93333333 1.         1.         0.93333333 1.
 1.         1.         1.         1.         1.         1.
 1.         1.         1.         1.         1.         1.
 1.         1.         1.         1.         1.         1.
 1.         1.         1.         1.         1.         1.
 1.         1.         1.         1.         1.         1.
 1.         1.         1.         1.         1.         1.
 1.         1.         1.         1.         1.         1.
 1.         1.         1.         1.         1.         1.
 1.         1.         1.         1.        ]
Mean recall: 0.9980000000000001
Dev: 0.011372481406154652


XGBRF Cross-Validation Results recall:
 [1. 1. 1. 1. 1. 1. 1. 1. 1. 1. 1. 1. 1. 1. 1. 1. 1. 1. 1. 1. 1. 1. 1. 1.
 1. 1. 1. 1. 1. 1. 1. 1. 1. 1. 1. 1. 1. 1. 1. 1. 1. 1. 1. 1. 1. 1. 1. 1.
 1. 1. 1. 1. 1. 1. 1. 1. 1. 1. 1. 1. 1. 1. 1. 1. 1. 1. 1. 1. 1. 1. 1. 1.
 1. 1. 1. 1. 1. 1. 1. 1. 1. 1. 1. 1. 1. 1. 1. 1. 1. 1. 1. 1. 1. 1. 1. 1.
 1. 1. 1. 1.]
Mean recall: 1.0
Dev: 0.0


XGBRF_NM Cross-Validation Results recall:
 [1. 1. 1. 1. 1. 1. 1. 1. 1. 1. 1. 1. 1. 1. 1. 1. 1. 1. 1. 1. 1. 1. 1. 1.
 1. 1. 1. 1. 1. 1. 1. 1. 1. 1. 1. 1. 1. 1. 1. 1. 1. 1. 1. 1. 1. 1. 1. 1.
 1. 1. 1. 1. 1. 1. 1. 1. 1. 1. 1. 1. 1. 1. 1. 1. 1. 1. 1. 1. 1. 1. 1. 1.
 1. 1. 1. 1. 1. 1. 1. 1. 1. 1. 1. 1. 1. 1. 1. 1. 1. 1. 1. 1. 1. 1. 1. 1.
 1. 1. 1. 1.]
Mean recall: 1.0
Dev: 0.0


XGBRF_IF Cross-Validation Results recall:
 [1. 1. 1. 1. 1. 1. 1. 1. 1. 1. 1. 1. 1. 1. 1. 1. 1. 1. 1. 1. 1. 1. 1. 1.
 1. 1. 1. 1. 1. 1. 1. 1. 1. 1. 1. 1. 1. 1. 1. 1. 1. 1. 1. 1. 1. 1. 1. 1.
 1. 1. 1. 1. 1. 1. 1. 1. 1. 1. 1. 1. 1. 1. 1. 1. 1. 1. 1. 1. 1. 1. 1. 1.
 1. 1. 1. 1. 1. 1. 1. 1. 1. 1. 1. 1. 1. 1. 1. 1. 1. 1. 1. 1. 1. 1. 1. 1.
 1. 1. 1. 1.]
Mean recall: 1.0
Dev: 0.0


XGBRF_MD Cross-Validation Results recall:
 [1.         1.         1.         1.         1.         1.
 1.         1.         1.         1.         1.         1.
 1.         1.         1.         1.         0.86666667 1.
 1.         1.         1.         1.         1.         1.
 1.         1.         1.         1.         1.         1.
 1.         1.         1.         0.8        0.93333333 1.
 1.         1.         1.         1.         1.         1.
 1.         1.         1.         1.         1.         1.
 1.         1.         1.         1.         1.         0.93333333
 1.         1.         1.         1.         1.         1.
 1.         1.         1.         1.         1.         1.
 1.         0.86666667 1.         1.         1.         1.
 1.         0.86666667 1.         1.         1.         1.
 1.         1.         1.         1.         1.         1.
 1.         1.         1.         1.         0.93333333 1.
 1.         1.         1.         1.         1.         1.
 1.         1.         1.         1.        ]
Mean recall: 0.992
Dev: 0.031664912232101106


XGBRF_LOF Cross-Validation Results recall:
 [1. 1. 1. 1. 1. 1. 1. 1. 1. 1. 1. 1. 1. 1. 1. 1. 1. 1. 1. 1. 1. 1. 1. 1.
 1. 1. 1. 1. 1. 1. 1. 1. 1. 1. 1. 1. 1. 1. 1. 1. 1. 1. 1. 1. 1. 1. 1. 1.
 1. 1. 1. 1. 1. 1. 1. 1. 1. 1. 1. 1. 1. 1. 1. 1. 1. 1. 1. 1. 1. 1. 1. 1.
 1. 1. 1. 1. 1. 1. 1. 1. 1. 1. 1. 1. 1. 1. 1. 1. 1. 1. 1. 1. 1. 1. 1. 1.
 1. 1. 1. 1.]
Mean recall: 1.0
Dev: 0.0


XGBRF_CC Cross-Validation Results recall:
 [1. 1. 1. 1. 1. 1. 1. 1. 1. 1. 1. 1. 1. 1. 1. 1. 1. 1. 1. 1. 1. 1. 1. 1.
 1. 1. 1. 1. 1. 1. 1. 1. 1. 1. 1. 1. 1. 1. 1. 1. 1. 1. 1. 1. 1. 1. 1. 1.
 1. 1. 1. 1. 1. 1. 1. 1. 1. 1. 1. 1. 1. 1. 1. 1. 1. 1. 1. 1. 1. 1. 1. 1.
 1. 1. 1. 1. 1. 1. 1. 1. 1. 1. 1. 1. 1. 1. 1. 1. 1. 1. 1. 1. 1. 1. 1. 1.
 1. 1. 1. 1.]
Mean recall: 1.0
Dev: 0.0


