Cross-Validation Results accuracy:
 [1.         0.96363636 0.96363636 0.96363636 0.96363636 1.
 0.96296296 1.         0.94444444 0.90740741 0.92727273 1.
 0.92727273 0.98181818 1.         0.98181818 0.98148148 1.
 0.94444444 1.         0.98181818 1.         0.98181818 0.94545455
 1.         0.96363636 0.98148148 0.96296296 0.96296296 1.
 0.98181818 0.96363636 1.         1.         0.98181818 1.
 0.96296296 1.         0.92592593 0.92592593 0.90909091 1.
 0.96363636 0.98181818 0.94545455 1.         1.         0.98148148
 1.         0.96296296 0.98181818 0.96363636 0.96363636 1.
 0.96363636 0.98181818 1.         0.92592593 0.94444444 0.96296296
 0.96363636 1.         0.98181818 0.98181818 0.92727273 0.96363636
 1.         0.98148148 0.96296296 0.98148148 0.98181818 0.98181818
 1.         0.98181818 0.92727273 0.96363636 0.94444444 1.
 1.         1.         0.98181818 1.         0.96363636 0.90909091
 0.98181818 1.         0.94444444 0.98148148 0.96296296 1.
 1.         0.98181818 0.96363636 0.98181818 1.         1.
 0.94444444 0.94444444 0.94444444 0.96296296]
Mean accuracy: 0.9734175084175084
Dev: 0.025077389315587784


Cross-Validation Results accuracy:
 [1.         0.96363636 0.96363636 0.96363636 0.96363636 1.
 0.96296296 1.         0.94444444 0.90740741 0.92727273 1.
 0.92727273 0.98181818 1.         0.98181818 0.98148148 1.
 0.94444444 1.         0.98181818 1.         0.98181818 0.94545455
 1.         0.96363636 0.98148148 0.96296296 0.96296296 1.
 0.98181818 0.96363636 1.         1.         0.98181818 1.
 0.96296296 1.         0.92592593 0.92592593 0.90909091 1.
 0.96363636 0.98181818 0.94545455 1.         1.         0.98148148
 1.         0.96296296 0.98181818 0.96363636 0.96363636 1.
 0.96363636 0.98181818 1.         0.92592593 0.94444444 0.96296296
 0.96363636 1.         0.98181818 0.98181818 0.92727273 0.96363636
 1.         0.98148148 0.96296296 0.98148148 0.98181818 0.98181818
 1.         0.98181818 0.92727273 0.96363636 0.94444444 1.
 1.         1.         0.98181818 1.         0.96363636 0.90909091
 0.98181818 1.         0.94444444 0.98148148 0.96296296 1.
 1.         0.98181818 0.96363636 0.98181818 1.         1.
 0.94444444 0.94444444 0.94444444 0.96296296]
Mean accuracy: 0.9734175084175084
Dev: 0.025077389315587784


Cross-Validation Results accuracy:
 [1.         0.96363636 0.96363636 0.96363636 0.96363636 1.
 0.96296296 1.         0.94444444 0.90740741 0.92727273 1.
 0.92727273 0.98181818 1.         0.98181818 0.98148148 1.
 0.94444444 1.         0.98181818 1.         0.98181818 0.94545455
 1.         0.96363636 0.98148148 0.96296296 0.96296296 1.
 0.98181818 0.96363636 1.         1.         0.98181818 1.
 0.96296296 1.         0.92592593 0.92592593 0.90909091 1.
 0.96363636 0.98181818 0.94545455 1.         1.         0.98148148
 1.         0.96296296 0.98181818 0.96363636 0.96363636 1.
 0.96363636 0.98181818 1.         0.92592593 0.94444444 0.96296296
 0.96363636 1.         0.98181818 0.98181818 0.92727273 0.96363636
 1.         0.98148148 0.96296296 0.98148148 0.98181818 0.98181818
 1.         0.98181818 0.92727273 0.96363636 0.94444444 1.
 1.         1.         0.98181818 1.         0.96363636 0.90909091
 0.98181818 1.         0.94444444 0.98148148 0.96296296 1.
 1.         0.98181818 0.96363636 0.98181818 1.         1.
 0.94444444 0.94444444 0.94444444 0.96296296]
Mean accuracy: 0.9734175084175084
Dev: 0.025077389315587784


Cross-Validation Results accuracy:
 [1.         0.96363636 0.96363636 0.96363636 0.96363636 1.
 0.96296296 1.         0.94444444 0.90740741 0.92727273 1.
 0.92727273 0.98181818 1.         0.98181818 0.98148148 1.
 0.94444444 1.         0.98181818 1.         0.98181818 0.94545455
 1.         0.96363636 0.98148148 0.96296296 0.96296296 1.
 0.98181818 0.96363636 1.         1.         0.98181818 1.
 0.96296296 1.         0.92592593 0.92592593 0.90909091 1.
 0.96363636 0.98181818 0.94545455 1.         1.         0.98148148
 1.         0.96296296 0.98181818 0.96363636 0.96363636 1.
 0.96363636 0.98181818 1.         0.92592593 0.94444444 0.96296296
 0.96363636 1.         0.98181818 0.98181818 0.92727273 0.96363636
 1.         0.98148148 0.96296296 0.98148148 0.98181818 0.98181818
 1.         0.98181818 0.92727273 0.96363636 0.94444444 1.
 1.         1.         0.98181818 1.         0.96363636 0.90909091
 0.98181818 1.         0.94444444 0.98148148 0.96296296 1.
 1.         0.98181818 0.96363636 0.98181818 1.         1.
 0.94444444 0.94444444 0.94444444 0.96296296]
Mean accuracy: 0.9734175084175084
Dev: 0.025077389315587784


Cross-Validation Results accuracy:
 [1.         1.         0.96363636 0.98181818 1.         1.
 0.98148148 1.         0.92592593 0.90740741 0.94545455 1.
 0.94545455 0.96363636 0.96363636 1.         1.         1.
 0.94444444 0.96296296 0.98181818 0.98181818 0.98181818 0.96363636
 0.98181818 0.98148148 1.         0.94444444 0.96296296 1.
 0.98181818 0.96363636 1.         1.         0.98181818 1.
 0.96296296 1.         0.90740741 0.94444444 0.96363636 1.
 0.98181818 1.         0.96363636 0.98148148 0.98148148 0.98148148
 1.         0.98148148 0.98181818 0.98181818 0.92727273 0.98181818
 0.96363636 0.96296296 1.         0.98148148 0.96296296 0.98148148
 0.96363636 1.         0.98181818 1.         0.96363636 0.98148148
 0.98148148 1.         0.98148148 0.92592593 1.         0.98181818
 0.96363636 0.96363636 0.96363636 0.98148148 0.94444444 0.98148148
 0.98148148 0.98148148 1.         1.         1.         0.92727273
 0.96363636 1.         0.90740741 0.98148148 0.94444444 0.98148148
 0.98181818 0.94545455 0.96363636 0.98181818 1.         0.96296296
 0.98148148 0.98148148 0.98148148 0.98148148]
Mean accuracy: 0.9755791245791245
Dev: 0.022851237180674888


