Cross-Validation Results f1:
 [1.         0.97435897 0.97297297 0.97368421 0.97368421 1.
 0.97435897 1.         0.96103896 0.93506494 0.94871795 1.
 0.94594595 0.98701299 1.         0.98734177 0.98701299 1.
 0.96103896 1.         0.98701299 1.         0.98701299 0.96103896
 1.         0.97368421 0.98701299 0.97435897 0.97368421 1.
 0.98666667 0.97435897 1.         1.         0.98701299 1.
 0.97368421 1.         0.94871795 0.94594595 0.93506494 1.
 0.97368421 0.98734177 0.96103896 1.         1.         0.98701299
 1.         0.97368421 0.98666667 0.97368421 0.97297297 1.
 0.97435897 0.98734177 1.         0.94871795 0.96       0.97435897
 0.97368421 1.         0.98701299 0.98701299 0.94871795 0.975
 1.         0.98701299 0.97297297 0.98666667 0.98701299 0.98666667
 1.         0.98701299 0.94871795 0.975      0.96202532 1.
 1.         1.         0.98666667 1.         0.97435897 0.93333333
 0.98734177 1.         0.96103896 0.98701299 0.97297297 1.
 1.         0.98666667 0.97297297 0.98734177 1.         1.
 0.96202532 0.96103896 0.96103896 0.97297297]
Mean f1: 0.9810965444414479
Dev: 0.01782538624375453


Cross-Validation Results f1:
 [1.         0.97435897 0.97297297 0.97368421 0.97368421 1.
 0.97435897 1.         0.96103896 0.93506494 0.94871795 1.
 0.94594595 0.98701299 1.         0.98734177 0.98701299 1.
 0.96103896 1.         0.98701299 1.         0.98701299 0.96103896
 1.         0.97368421 0.98701299 0.97435897 0.97368421 1.
 0.98666667 0.97435897 1.         1.         0.98701299 1.
 0.97368421 1.         0.94871795 0.94594595 0.93506494 1.
 0.97368421 0.98734177 0.96103896 1.         1.         0.98701299
 1.         0.97368421 0.98666667 0.97368421 0.97297297 1.
 0.97435897 0.98734177 1.         0.94871795 0.96       0.97435897
 0.97368421 1.         0.98701299 0.98701299 0.94871795 0.975
 1.         0.98701299 0.97297297 0.98666667 0.98701299 0.98666667
 1.         0.98701299 0.94871795 0.975      0.96202532 1.
 1.         1.         0.98666667 1.         0.97435897 0.93333333
 0.98734177 1.         0.96103896 0.98701299 0.97297297 1.
 1.         0.98666667 0.97297297 0.98734177 1.         1.
 0.96202532 0.96103896 0.96103896 0.97297297]
Mean f1: 0.9810965444414479
Dev: 0.01782538624375453


Cross-Validation Results f1:
 [1.         0.97435897 0.97297297 0.97368421 0.97368421 1.
 0.97435897 1.         0.96103896 0.93506494 0.94871795 1.
 0.94594595 0.98701299 1.         0.98734177 0.98701299 1.
 0.96103896 1.         0.98701299 1.         0.98701299 0.96103896
 1.         0.97368421 0.98701299 0.97435897 0.97368421 1.
 0.98666667 0.97435897 1.         1.         0.98701299 1.
 0.97368421 1.         0.94871795 0.94594595 0.93506494 1.
 0.97368421 0.98734177 0.96103896 1.         1.         0.98701299
 1.         0.97368421 0.98666667 0.97368421 0.97297297 1.
 0.97435897 0.98734177 1.         0.94871795 0.96       0.97435897
 0.97368421 1.         0.98701299 0.98701299 0.94871795 0.975
 1.         0.98701299 0.97297297 0.98666667 0.98701299 0.98666667
 1.         0.98701299 0.94871795 0.975      0.96202532 1.
 1.         1.         0.98666667 1.         0.97435897 0.93333333
 0.98734177 1.         0.96103896 0.98701299 0.97297297 1.
 1.         0.98666667 0.97297297 0.98734177 1.         1.
 0.96202532 0.96103896 0.96103896 0.97297297]
Mean f1: 0.9810965444414479
Dev: 0.01782538624375453


Cross-Validation Results f1:
 [1.         0.97435897 0.97297297 0.97368421 0.97368421 1.
 0.97435897 1.         0.96103896 0.93506494 0.94871795 1.
 0.94594595 0.98701299 1.         0.98734177 0.98701299 1.
 0.96103896 1.         0.98701299 1.         0.98701299 0.96103896
 1.         0.97368421 0.98701299 0.97435897 0.97368421 1.
 0.98666667 0.97435897 1.         1.         0.98701299 1.
 0.97368421 1.         0.94871795 0.94594595 0.93506494 1.
 0.97368421 0.98734177 0.96103896 1.         1.         0.98701299
 1.         0.97368421 0.98666667 0.97368421 0.97297297 1.
 0.97435897 0.98734177 1.         0.94871795 0.96       0.97435897
 0.97368421 1.         0.98701299 0.98701299 0.94871795 0.975
 1.         0.98701299 0.97297297 0.98666667 0.98701299 0.98666667
 1.         0.98701299 0.94871795 0.975      0.96202532 1.
 1.         1.         0.98666667 1.         0.97435897 0.93333333
 0.98734177 1.         0.96103896 0.98701299 0.97297297 1.
 1.         0.98666667 0.97297297 0.98734177 1.         1.
 0.96202532 0.96103896 0.96103896 0.97297297]
Mean f1: 0.9810965444414479
Dev: 0.01782538624375453


