Cross-Validation Results precision:
 [1.         0.95       1.         1.         1.         1.
 0.95       1.         0.94871795 0.92307692 0.925      1.
 0.97222222 1.         1.         0.975      0.97435897 1.
 0.94871795 1.         0.97435897 1.         0.97435897 0.97368421
 1.         1.         0.97435897 0.95       0.97368421 1.
 1.         0.95       1.         1.         1.         1.
 0.97368421 1.         0.925      0.97222222 0.92307692 1.
 0.97368421 0.975      0.97368421 1.         1.         0.97435897
 1.         0.97368421 1.         0.97368421 1.         1.
 0.97435897 0.975      1.         0.925      0.97297297 0.95
 0.97368421 1.         0.97435897 1.         0.94871795 0.95121951
 1.         0.97435897 1.         1.         0.97435897 1.
 1.         1.         0.94871795 0.95121951 0.92682927 1.
 1.         1.         1.         1.         0.95       0.97222222
 0.975      1.         0.94871795 0.97435897 1.         1.
 1.         1.         1.         0.975      1.         1.
 0.92682927 0.94871795 0.94871795 1.        ]
Mean precision: 0.9801598011559498
Dev: 0.023771192461136185


Cross-Validation Results precision:
 [1.         0.95       1.         1.         1.         1.
 0.95       1.         0.94871795 0.92307692 0.925      1.
 0.97222222 1.         1.         0.975      0.97435897 1.
 0.94871795 1.         0.97435897 1.         0.97435897 0.97368421
 1.         1.         0.97435897 0.95       0.97368421 1.
 1.         0.95       1.         1.         1.         1.
 0.97368421 1.         0.925      0.97222222 0.92307692 1.
 0.97368421 0.975      0.97368421 1.         1.         0.97435897
 1.         0.97368421 1.         0.97368421 1.         1.
 0.97435897 0.975      1.         0.925      0.97297297 0.95
 0.97368421 1.         0.97435897 1.         0.94871795 0.95121951
 1.         0.97435897 1.         1.         0.97435897 1.
 1.         1.         0.94871795 0.95121951 0.92682927 1.
 1.         1.         1.         1.         0.95       0.97222222
 0.975      1.         0.94871795 0.97435897 1.         1.
 1.         1.         1.         0.975      1.         1.
 0.92682927 0.94871795 0.94871795 1.        ]
Mean precision: 0.9801598011559498
Dev: 0.023771192461136185


Cross-Validation Results precision:
 [1.         0.95       1.         1.         1.         1.
 0.95       1.         0.94871795 0.92307692 0.925      1.
 0.97222222 1.         1.         0.975      0.97435897 1.
 0.94871795 1.         0.97435897 1.         0.97435897 0.97368421
 1.         1.         0.97435897 0.95       0.97368421 1.
 1.         0.95       1.         1.         1.         1.
 0.97368421 1.         0.925      0.97222222 0.92307692 1.
 0.97368421 0.975      0.97368421 1.         1.         0.97435897
 1.         0.97368421 1.         0.97368421 1.         1.
 0.97435897 0.975      1.         0.925      0.97297297 0.95
 0.97368421 1.         0.97435897 1.         0.94871795 0.95121951
 1.         0.97435897 1.         1.         0.97435897 1.
 1.         1.         0.94871795 0.95121951 0.92682927 1.
 1.         1.         1.         1.         0.95       0.97222222
 0.975      1.         0.94871795 0.97435897 1.         1.
 1.         1.         1.         0.975      1.         1.
 0.92682927 0.94871795 0.94871795 1.        ]
Mean precision: 0.9801598011559498
Dev: 0.023771192461136185


Cross-Validation Results precision:
 [1.         0.95       1.         1.         1.         1.
 0.95       1.         0.94871795 0.92307692 0.925      1.
 0.97222222 1.         1.         0.975      0.97435897 1.
 0.94871795 1.         0.97435897 1.         0.97435897 0.97368421
 1.         1.         0.97435897 0.95       0.97368421 1.
 1.         0.95       1.         1.         1.         1.
 0.97368421 1.         0.925      0.97222222 0.92307692 1.
 0.97368421 0.975      0.97368421 1.         1.         0.97435897
 1.         0.97368421 1.         0.97368421 1.         1.
 0.97435897 0.975      1.         0.925      0.97297297 0.95
 0.97368421 1.         0.97435897 1.         0.94871795 0.95121951
 1.         0.97435897 1.         1.         0.97435897 1.
 1.         1.         0.94871795 0.95121951 0.92682927 1.
 1.         1.         1.         1.         0.95       0.97222222
 0.975      1.         0.94871795 0.97435897 1.         1.
 1.         1.         1.         0.975      1.         1.
 0.92682927 0.94871795 0.94871795 1.        ]
Mean precision: 0.9801598011559498
Dev: 0.023771192461136185


Cross-Validation Results precision:
 [1.         1.         1.         1.         1.         1.
 0.97435897 1.         0.925      0.92307692 0.97297297 1.
 1.         0.97435897 0.95121951 1.         1.         1.
 0.94871795 0.95       0.97435897 0.97435897 0.975      1.
 1.         1.         1.         0.92682927 0.97368421 1.
 1.         0.95       1.         1.         1.         1.
 0.97368421 1.         0.92307692 0.97297297 0.97368421 1.
 1.         1.         0.97435897 0.97435897 0.97435897 0.97435897
 1.         0.97435897 1.         0.97435897 0.94871795 0.975
 0.97435897 0.95       1.         1.         1.         1.
 0.97368421 1.         1.         1.         0.97435897 0.97435897
 0.97435897 1.         0.97435897 0.97222222 1.         1.
 0.95121951 0.97435897 0.97435897 0.97435897 0.94871795 0.97435897
 0.97435897 0.97435897 1.         1.         1.         1.
 0.95121951 1.         0.92307692 0.97435897 1.         0.97435897
 0.97435897 0.94871795 1.         0.975      1.         0.95
 0.97435897 1.         1.         1.        ]
Mean precision: 0.981664697382284
Dev: 0.021467247025439815


