Cross-Validation Results recall:
 [1.         1.         0.94736842 0.94871795 0.94871795 1.
 1.         1.         0.97368421 0.94736842 0.97368421 1.
 0.92105263 0.97435897 1.         1.         1.         1.
 0.97368421 1.         1.         1.         1.         0.94871795
 1.         0.94871795 1.         1.         0.97368421 1.
 0.97368421 1.         1.         1.         0.97435897 1.
 0.97368421 1.         0.97368421 0.92105263 0.94736842 1.
 0.97368421 1.         0.94871795 1.         1.         1.
 1.         0.97368421 0.97368421 0.97368421 0.94736842 1.
 0.97435897 1.         1.         0.97368421 0.94736842 1.
 0.97368421 1.         1.         0.97435897 0.94871795 1.
 1.         1.         0.94736842 0.97368421 1.         0.97368421
 1.         0.97435897 0.94871795 1.         1.         1.
 1.         1.         0.97368421 1.         1.         0.8974359
 1.         1.         0.97368421 1.         0.94736842 1.
 1.         0.97368421 0.94736842 1.         1.         1.
 1.         0.97368421 0.97368421 0.94736842]
Mean recall: 0.982523616734143
Dev: 0.023004301291469915


Cross-Validation Results recall:
 [1.         1.         0.94736842 0.94871795 0.94871795 1.
 1.         1.         0.97368421 0.94736842 0.97368421 1.
 0.92105263 0.97435897 1.         1.         1.         1.
 0.97368421 1.         1.         1.         1.         0.94871795
 1.         0.94871795 1.         1.         0.97368421 1.
 0.97368421 1.         1.         1.         0.97435897 1.
 0.97368421 1.         0.97368421 0.92105263 0.94736842 1.
 0.97368421 1.         0.94871795 1.         1.         1.
 1.         0.97368421 0.97368421 0.97368421 0.94736842 1.
 0.97435897 1.         1.         0.97368421 0.94736842 1.
 0.97368421 1.         1.         0.97435897 0.94871795 1.
 1.         1.         0.94736842 0.97368421 1.         0.97368421
 1.         0.97435897 0.94871795 1.         1.         1.
 1.         1.         0.97368421 1.         1.         0.8974359
 1.         1.         0.97368421 1.         0.94736842 1.
 1.         0.97368421 0.94736842 1.         1.         1.
 1.         0.97368421 0.97368421 0.94736842]
Mean recall: 0.982523616734143
Dev: 0.023004301291469915


Cross-Validation Results recall:
 [1.         1.         0.94736842 0.94871795 0.94871795 1.
 1.         1.         0.97368421 0.94736842 0.97368421 1.
 0.92105263 0.97435897 1.         1.         1.         1.
 0.97368421 1.         1.         1.         1.         0.94871795
 1.         0.94871795 1.         1.         0.97368421 1.
 0.97368421 1.         1.         1.         0.97435897 1.
 0.97368421 1.         0.97368421 0.92105263 0.94736842 1.
 0.97368421 1.         0.94871795 1.         1.         1.
 1.         0.97368421 0.97368421 0.97368421 0.94736842 1.
 0.97435897 1.         1.         0.97368421 0.94736842 1.
 0.97368421 1.         1.         0.97435897 0.94871795 1.
 1.         1.         0.94736842 0.97368421 1.         0.97368421
 1.         0.97435897 0.94871795 1.         1.         1.
 1.         1.         0.97368421 1.         1.         0.8974359
 1.         1.         0.97368421 1.         0.94736842 1.
 1.         0.97368421 0.94736842 1.         1.         1.
 1.         0.97368421 0.97368421 0.94736842]
Mean recall: 0.982523616734143
Dev: 0.023004301291469915


Cross-Validation Results recall:
 [1.         1.         0.94736842 0.94871795 0.94871795 1.
 1.         1.         0.97368421 0.94736842 0.97368421 1.
 0.92105263 0.97435897 1.         1.         1.         1.
 0.97368421 1.         1.         1.         1.         0.94871795
 1.         0.94871795 1.         1.         0.97368421 1.
 0.97368421 1.         1.         1.         0.97435897 1.
 0.97368421 1.         0.97368421 0.92105263 0.94736842 1.
 0.97368421 1.         0.94871795 1.         1.         1.
 1.         0.97368421 0.97368421 0.97368421 0.94736842 1.
 0.97435897 1.         1.         0.97368421 0.94736842 1.
 0.97368421 1.         1.         0.97435897 0.94871795 1.
 1.         1.         0.94736842 0.97368421 1.         0.97368421
 1.         0.97435897 0.94871795 1.         1.         1.
 1.         1.         0.97368421 1.         1.         0.8974359
 1.         1.         0.97368421 1.         0.94736842 1.
 1.         0.97368421 0.94736842 1.         1.         1.
 1.         0.97368421 0.97368421 0.94736842]
Mean recall: 0.982523616734143
Dev: 0.023004301291469915


Cross-Validation Results recall:
 [1.         1.         0.94871795 0.97435897 1.         1.
 1.         1.         0.97368421 0.94736842 0.94736842 1.
 0.92307692 0.97435897 1.         1.         1.         1.
 0.97368421 1.         1.         1.         1.         0.94871795
 0.97435897 0.97368421 1.         1.         0.97368421 1.
 0.97368421 1.         1.         1.         0.97435897 1.
 0.97368421 1.         0.94736842 0.94736842 0.97368421 1.
 0.97435897 1.         0.97435897 1.         1.         1.
 1.         1.         0.97368421 1.         0.94871795 1.
 0.97435897 1.         1.         0.97368421 0.94736842 0.97368421
 0.97368421 1.         0.97435897 1.         0.97435897 1.
 1.         1.         1.         0.92105263 1.         0.97368421
 1.         0.97435897 0.97435897 1.         0.97368421 1.
 1.         1.         1.         1.         1.         0.8974359
 1.         1.         0.94736842 1.         0.92105263 1.
 1.         0.97368421 0.94871795 1.         1.         1.
 1.         0.97368421 0.97368421 0.97368421]
Mean recall: 0.9841228070175438
Dev: 0.022324478549249835


