LR_mix_NM Cross-Validation Results f1:
 [0.9375     0.96774194 1.         0.96774194 0.96774194 1.
 0.9375     0.96774194 0.93333333 0.96774194 1.         0.96969697
 0.96774194 1.         0.96774194 0.96551724 1.         0.96774194
 0.96774194 0.93333333 1.         0.94117647 0.96774194 0.93333333
 1.         0.93333333 1.         0.96774194 0.96774194 1.
 1.         1.         0.96774194 0.96774194 0.96774194 0.9375
 0.93333333 0.96774194 0.96551724 0.96774194 0.96774194 0.93333333
 1.         0.90322581 0.96774194 0.96774194 1.         0.96551724
 0.96774194 0.96774194 0.96774194 1.         0.9375     0.9375
 1.         0.96774194 1.         0.96551724 1.         0.90322581
 0.90322581 1.         0.96551724 0.96774194 0.9375     1.
 0.96774194 0.90909091 1.         1.         1.         0.96969697
 1.         0.96551724 0.96774194 0.90322581 0.96774194 0.96774194
 1.         1.         1.         1.         1.         0.93333333
 0.96774194 1.         0.90909091 0.96774194 0.96774194 0.96551724
 1.         0.96969697 1.         0.96551724 0.9375     0.9375
 0.96774194 1.         0.96551724 0.96774194]
Mean f1: 0.9690756673586617
Dev: 0.027021466831120264


LR_smote_NM Cross-Validation Results f1:
 [0.9375     1.         0.96551724 0.96774194 0.96774194 1.
 0.96774194 1.         0.93333333 0.96774194 1.         0.9375
 0.96774194 1.         0.96774194 1.         1.         0.96774194
 0.96774194 0.93333333 1.         0.94117647 0.96774194 0.93333333
 1.         0.96774194 1.         0.96774194 0.96774194 0.96551724
 1.         1.         0.96774194 0.96774194 0.96774194 0.96774194
 0.96774194 0.93333333 1.         0.93333333 0.96774194 0.96774194
 1.         0.9375     0.93333333 0.96774194 1.         1.
 1.         0.96774194 0.93333333 1.         0.9375     0.96774194
 1.         0.96774194 1.         1.         1.         0.9375
 0.96774194 1.         0.92857143 0.96774194 0.96774194 1.
 0.96774194 0.90909091 1.         1.         1.         0.96969697
 0.96551724 1.         0.96774194 0.96774194 0.96774194 0.96774194
 1.         1.         1.         1.         1.         0.96774194
 0.96774194 1.         0.9375     0.93333333 0.93333333 1.
 1.         0.96969697 1.         1.         0.9375     0.89655172
 0.96774194 1.         1.         0.96774194]
Mean f1: 0.9734480393785586
Dev: 0.0257284804005376


LR_GAN_NM Cross-Validation Results f1:
 [0.90322581 0.9375     0.96551724 0.96774194 0.93333333 0.93333333
 0.96774194 0.9375     1.         0.96551724 1.         0.9375
 0.93333333 0.93333333 0.96774194 1.         1.         0.9375
 0.85714286 0.90322581 0.92857143 0.94117647 0.93333333 0.9375
 0.96551724 0.9375     0.96774194 0.89655172 0.96551724 0.96774194
 0.92857143 0.90909091 0.93333333 0.96774194 0.82758621 0.93333333
 0.9375     0.96774194 1.         0.92857143 0.96774194 0.96969697
 1.         0.90322581 0.96774194 0.96774194 0.92857143 0.92857143
 0.89655172 0.96774194 1.         0.94117647 0.875      0.96774194
 0.96551724 0.9375     0.89655172 0.92857143 1.         0.83870968
 0.90322581 0.96774194 0.92857143 0.96774194 0.9375     1.
 0.90322581 0.84848485 1.         0.92857143 0.96551724 0.88235294
 0.92857143 1.         0.93333333 0.90909091 0.96774194 0.96774194
 0.96551724 0.89655172 1.         0.9375     0.92857143 0.92857143
 0.93333333 0.96551724 0.90909091 0.9375     0.96551724 0.9375
 1.         0.96969697 1.         0.90322581 0.90322581 0.9375
 0.89655172 0.96551724 0.93333333 0.96774194]
Mean f1: 0.9432553976945214
Dev: 0.037432656568111775


LR_borderline_NM Cross-Validation Results f1:
 [0.9375     1.         1.         0.96774194 0.96774194 1.
 0.96774194 1.         0.93333333 1.         1.         1.
 0.96774194 1.         0.96774194 1.         1.         0.9375
 0.96774194 0.93333333 1.         0.94117647 0.96774194 0.96774194
 1.         0.96774194 1.         1.         0.96774194 1.
 1.         1.         0.96774194 0.96774194 0.96774194 1.
 0.96774194 0.96774194 0.96551724 0.96774194 1.         1.
 1.         0.9375     0.96774194 0.96774194 1.         1.
 1.         0.9375     0.96774194 1.         0.9375     0.96774194
 1.         1.         1.         0.96551724 1.         0.90909091
 0.90909091 1.         1.         0.96774194 1.         1.
 0.96774194 0.90909091 1.         1.         1.         0.96969697
 1.         1.         0.96774194 0.93333333 0.96774194 0.9375
 1.         1.         1.         1.         1.         0.96774194
 0.96774194 1.         0.9375     0.96774194 0.96774194 1.
 1.         0.96969697 1.         1.         0.9375     0.96774194
 0.96774194 1.         0.96551724 0.96774194]
Mean f1: 0.9780439486139285
Dev: 0.024958346071456774


LR_mix_KM Cross-Validation Results f1:
 [0.89655172 0.875      0.96551724 0.96551724 0.85714286 0.93333333
 0.96551724 0.9375     0.93333333 0.89655172 0.90322581 0.89655172
 0.96774194 0.96774194 0.96551724 0.92857143 1.         0.89655172
 0.96551724 0.92857143 0.85714286 1.         0.96551724 0.92857143
 0.93333333 0.96774194 0.9375     0.93333333 0.89655172 0.90322581
 0.96551724 0.88235294 0.90322581 0.96551724 0.96551724 0.86666667
 0.93333333 0.96551724 0.96551724 0.96774194 0.93333333 0.96969697
 1.         0.96551724 0.85714286 0.9375     0.92857143 0.93333333
 0.9375     0.84615385 0.96551724 0.94117647 0.96551724 0.84615385
 0.85714286 1.         0.89655172 0.93333333 0.89655172 0.90322581
 0.96551724 0.96774194 0.90909091 0.96551724 0.78571429 0.96774194
 0.90322581 0.89655172 0.92857143 0.96551724 0.92857143 0.96969697
 0.93333333 0.89655172 1.         0.96774194 0.89655172 0.89655172
 0.96551724 0.93333333 0.96774194 0.90322581 0.96774194 0.89655172
 0.84615385 0.96774194 0.96551724 0.96551724 1.         0.84848485
 1.         0.96774194 0.93333333 0.90909091 0.89655172 0.88888889
 0.74074074 0.96551724 0.96774194 1.        ]
Mean f1: 0.9310502135223886
Dev: 0.04718387084417415


LR_smote_KM Cross-Validation Results f1:
 [1.         0.93333333 0.96551724 0.96551724 0.85714286 0.96551724
 0.96551724 0.96551724 0.96774194 0.93333333 0.96551724 0.93333333
 1.         1.         0.93333333 0.86666667 0.93333333 0.92857143
 1.         0.92857143 0.85714286 1.         0.93333333 0.93333333
 0.96551724 1.         1.         0.96551724 0.92857143 0.96551724
 0.92857143 1.         0.96551724 0.93333333 0.96551724 0.92857143
 0.96774194 0.96551724 0.90322581 1.         0.96551724 1.
 0.96774194 0.96551724 0.88888889 0.96774194 0.93333333 0.90322581
 1.         0.88888889 1.         0.96969697 0.96551724 0.8
 0.88888889 1.         0.93333333 0.96551724 0.96551724 0.96774194
 1.         0.93333333 1.         1.         0.84615385 1.
 0.96774194 0.92857143 0.89655172 0.96774194 0.96551724 0.96774194
 0.96551724 0.88888889 0.93333333 0.96551724 0.92857143 0.90322581
 0.96551724 0.9375     1.         0.96774194 0.96774194 0.875
 0.84615385 0.96551724 0.96551724 0.96551724 1.         0.96551724
 0.90322581 0.90322581 0.96774194 1.         0.92857143 0.88888889
 0.92857143 1.         1.         1.        ]
Mean f1: 0.9505281742574567
Dev: 0.04258116274573075


LR_GAN_KM Cross-Validation Results f1:
 [0.96551724 0.90909091 0.96551724 0.93333333 0.96774194 0.93333333
 0.90322581 1.         0.86666667 0.96551724 0.875      0.96774194
 1.         0.96774194 0.90322581 0.92857143 0.9375     0.93333333
 0.96551724 0.89655172 0.92857143 0.96969697 0.96551724 0.78571429
 0.9375     1.         0.9375     0.90322581 0.96551724 0.93333333
 0.93333333 0.9375     0.93333333 1.         0.96551724 0.89655172
 0.90909091 0.9375     0.96551724 1.         0.96551724 0.96969697
 0.96774194 0.96551724 0.875      1.         0.93333333 0.875
 0.96551724 0.84615385 0.90322581 0.96969697 0.93333333 1.
 0.86666667 0.90322581 1.         0.93333333 0.89655172 0.90322581
 1.         0.875      0.9375     0.9375     0.88888889 0.9375
 0.96551724 1.         0.92857143 0.93333333 0.93333333 1.
 0.93333333 0.90322581 0.96774194 0.96774194 0.92857143 0.93333333
 1.         0.93333333 1.         0.93333333 0.90909091 0.875
 0.92857143 1.         0.89655172 0.93333333 0.96774194 1.
 0.96774194 0.96969697 1.         0.96774194 0.92857143 0.96551724
 0.74074074 0.90909091 0.9375     0.96774194]
Mean f1: 0.9396517554922729
Dev: 0.0454394768102179


LR_borderline_KM Cross-Validation Results f1:
 [1.         0.93333333 0.92857143 0.96551724 0.88888889 0.96551724
 0.96551724 0.96551724 1.         0.92857143 0.88888889 0.93333333
 1.         1.         0.96551724 0.92857143 0.96551724 0.96551724
 0.96551724 0.89655172 0.88888889 1.         0.92857143 0.96551724
 0.96551724 1.         0.93333333 0.96551724 0.92857143 0.93333333
 0.89655172 0.96774194 0.96551724 0.96551724 0.96551724 0.88888889
 1.         0.96551724 0.96551724 0.96551724 0.96551724 1.
 1.         0.96551724 0.88888889 1.         0.89655172 0.96551724
 1.         0.84615385 1.         1.         0.96551724 0.8
 0.88888889 1.         0.92857143 0.96551724 0.89655172 0.96551724
 1.         0.93333333 1.         1.         0.84615385 0.96551724
 0.96551724 0.92857143 0.92857143 0.96551724 0.96551724 0.96774194
 0.96551724 0.88888889 0.96551724 0.96551724 0.92857143 0.96551724
 0.96551724 0.96551724 1.         0.96774194 1.         0.92857143
 0.8        0.96551724 0.96551724 0.96551724 1.         0.96551724
 0.93333333 0.96774194 0.96551724 0.96551724 0.92857143 0.88888889
 0.88888889 1.         1.         1.        ]
Mean f1: 0.952189404588737
Dev: 0.043127031032543256


LR_mix_CC Cross-Validation Results f1:
 [0.96774194 0.94117647 1.         0.85714286 0.89655172 0.90322581
 0.90909091 0.93333333 0.96551724 1.         0.92857143 0.94117647
 0.9375     1.         0.85714286 1.         0.96551724 0.9375
 0.90322581 0.90909091 0.96774194 0.93333333 0.96774194 0.9375
 0.96774194 0.9375     0.93333333 0.88888889 0.9375     0.96551724
 0.96551724 1.         0.96774194 0.89655172 0.875      0.89655172
 0.90909091 0.90322581 1.         1.         0.96551724 1.
 0.90322581 0.89655172 0.93333333 0.9375     0.9375     0.96774194
 0.89655172 0.96774194 0.96551724 1.         0.90322581 0.86666667
 0.96551724 0.9375     0.9375     1.         1.         0.875
 0.9375     0.96774194 0.96774194 0.96774194 0.86666667 0.84615385
 0.96774194 0.90909091 0.96774194 0.96551724 0.88888889 0.90909091
 0.96551724 0.96774194 0.9375     0.96774194 1.         0.96774194
 0.92857143 0.9375     1.         0.90909091 1.         0.93333333
 0.89655172 0.875      0.9375     0.90909091 0.92857143 0.96774194
 0.96551724 0.90322581 0.96551724 0.9375     0.96774194 0.96774194
 0.96774194 0.88888889 0.90909091 0.9375    ]
Mean f1: 0.9406185233962748
Dev: 0.03921049284897069


LR_smote_CC Cross-Validation Results f1:
 [0.96774194 0.96774194 1.         0.96774194 0.96774194 0.9375
 0.875      0.96774194 1.         0.96551724 0.96551724 0.91428571
 0.89655172 1.         0.96774194 1.         1.         0.90322581
 1.         0.9375     0.96774194 0.96969697 0.96774194 0.9375
 0.96774194 0.875      1.         0.93333333 0.93333333 1.
 1.         1.         0.96774194 0.96774194 0.96551724 0.90322581
 0.90909091 0.93333333 0.96774194 1.         0.96774194 1.
 0.96774194 1.         0.93333333 0.90322581 0.93333333 0.9375
 0.96774194 0.96774194 0.96551724 1.         0.86666667 0.9375
 1.         0.9375     0.96774194 1.         0.96774194 0.90909091
 0.9375     0.96774194 1.         1.         0.9375     1.
 0.93333333 0.90909091 0.96774194 0.96551724 1.         0.94117647
 1.         0.96774194 0.93333333 0.875      0.96774194 0.93333333
 1.         0.96774194 1.         0.96969697 1.         0.96774194
 0.96774194 0.93333333 0.875      0.90909091 0.96551724 0.96774194
 1.         0.96774194 0.96551724 0.93333333 0.90909091 0.9375
 1.         1.         0.875      0.96774194]
Mean f1: 0.9581443469641877
Dev: 0.036129894971739504


LR_GAN_CC Cross-Validation Results f1:
 [0.92857143 0.90909091 1.         0.96774194 0.89655172 0.84848485
 0.92857143 0.9375     1.         1.         0.96551724 0.90909091
 0.84615385 0.96774194 1.         0.92857143 1.         0.9375
 0.96551724 0.90909091 1.         0.93333333 0.88888889 0.9375
 0.96774194 0.9375     0.93333333 0.92857143 0.9375     0.96774194
 1.         0.96774194 0.93333333 1.         0.90322581 0.9375
 0.93333333 0.93333333 1.         0.92857143 0.92857143 0.96969697
 0.93333333 0.96774194 0.88888889 0.9375     0.89655172 0.96774194
 0.96774194 0.93333333 0.96551724 0.90322581 0.90322581 0.96551724
 1.         0.90322581 0.90322581 0.92857143 0.92857143 0.875
 0.90322581 0.96969697 0.92857143 0.96551724 0.90322581 0.96551724
 0.93333333 0.88235294 0.88888889 1.         0.96551724 0.875
 0.96551724 0.89655172 0.90322581 0.96774194 1.         0.96774194
 1.         0.93333333 0.92857143 0.96969697 0.92857143 0.96774194
 0.96551724 0.90322581 0.89655172 0.90322581 1.         0.9375
 1.         0.9375     0.88888889 0.9375     0.89655172 0.89655172
 1.         0.96551724 0.9375     0.93333333]
Mean f1: 0.9409093198881281
Dev: 0.0379750929328856


LR_borderline_CC Cross-Validation Results f1:
 [0.96774194 0.96969697 1.         0.96774194 0.96774194 0.9375
 0.90909091 0.96774194 0.93333333 0.9375     0.96774194 0.91428571
 0.96774194 1.         0.96774194 1.         0.96551724 0.90909091
 0.9375     0.90909091 0.96774194 0.96969697 0.96774194 0.9375
 0.93333333 0.875      0.96774194 0.96774194 0.96774194 1.
 1.         1.         0.96774194 0.90322581 0.9375     0.9375
 0.90909091 0.9375     0.96774194 0.96774194 0.96774194 0.96774194
 0.96774194 0.9375     0.9375     0.9375     0.96774194 0.9375
 0.96774194 0.96774194 0.96774194 1.         0.90909091 0.9375
 1.         0.83870968 0.9375     1.         0.96774194 0.90909091
 0.90909091 0.96969697 1.         1.         0.90909091 1.
 0.9375     0.875      0.96774194 1.         0.96551724 0.88235294
 0.96551724 0.96774194 0.96774194 0.90909091 0.96774194 0.9375
 1.         0.9375     1.         0.94117647 1.         0.96774194
 0.93333333 0.90909091 0.9375     0.88235294 0.96774194 0.96774194
 1.         0.94117647 1.         0.96774194 0.90909091 0.90322581
 0.96774194 1.         0.875      0.96774194]
Mean f1: 0.953101323323343
Dev: 0.03534549360301673


DT_mix_NM Cross-Validation Results f1:
 [0.96774194 0.96774194 1.         1.         1.         1.
 1.         1.         1.         1.         1.         1.
 1.         1.         1.         0.96551724 1.         1.
 0.96774194 1.         1.         0.96969697 1.         0.96551724
 1.         1.         1.         1.         1.         1.
 1.         1.         1.         0.96774194 1.         1.
 0.96551724 1.         1.         1.         1.         1.
 1.         0.96774194 1.         1.         1.         0.96551724
 1.         1.         1.         1.         1.         1.
 1.         1.         1.         1.         1.         0.93333333
 1.         1.         0.96551724 0.96774194 1.         1.
 1.         1.         1.         1.         1.         1.
 1.         0.96551724 1.         1.         0.96774194 1.
 1.         1.         1.         1.         1.         1.
 1.         1.         0.96774194 1.         1.         0.96551724
 1.         1.         1.         0.96551724 1.         1.
 0.96774194 1.         1.         1.        ]
Mean f1: 0.9933684565341963
Dev: 0.014086415757668449


DT_smote_NM Cross-Validation Results f1:
 [0.96774194 1.         1.         1.         1.         1.
 1.         1.         1.         1.         1.         1.
 1.         1.         1.         1.         1.         1.
 0.96774194 1.         1.         0.96969697 1.         1.
 1.         1.         1.         1.         1.         1.
 1.         1.         1.         0.96774194 1.         1.
 1.         1.         1.         1.         1.         1.
 1.         0.96774194 1.         1.         1.         1.
 1.         1.         1.         1.         1.         1.
 1.         1.         1.         1.         1.         0.96774194
 1.         1.         1.         0.96774194 1.         1.
 1.         1.         1.         1.         1.         1.
 1.         1.         1.         1.         0.96774194 1.
 1.         1.         1.         1.         1.         1.
 1.         1.         0.96774194 1.         1.         1.
 1.         1.         1.         1.         1.         1.
 0.96774194 1.         1.         1.        ]
Mean f1: 0.9967937438905181
Dev: 0.00962055630331637


DT_GAN_NM Cross-Validation Results f1:
 [0.93333333 0.96969697 1.         1.         0.96774194 0.90909091
 0.96774194 0.96774194 0.9375     0.96774194 1.         0.91428571
 1.         0.96774194 0.92857143 0.96774194 1.         0.9375
 0.90909091 0.96774194 1.         0.96969697 1.         0.90909091
 1.         0.96774194 0.96774194 0.9375     1.         0.96774194
 0.96774194 0.96969697 1.         0.93333333 0.90909091 0.90909091
 1.         1.         1.         0.96774194 0.9375     1.
 0.92857143 0.90909091 0.96774194 0.90909091 1.         0.96774194
 0.9375     1.         0.9375     0.96969697 1.         1.
 1.         0.9375     0.9375     1.         0.9375     0.9375
 0.89655172 0.96969697 0.96774194 0.9375     0.96774194 1.
 0.9375     0.96774194 0.96551724 1.         0.90909091 0.94117647
 0.96551724 1.         1.         0.9375     0.90909091 0.96774194
 1.         0.96774194 1.         0.94117647 0.96774194 0.96774194
 1.         1.         0.96774194 0.9375     0.96774194 0.96774194
 0.9375     0.91428571 1.         0.96774194 0.96774194 1.
 0.9375     0.96774194 0.96774194 0.96774194]
Mean f1: 0.9635713925978928
Dev: 0.03045176829270716


DT_borderline_NM Cross-Validation Results f1:
 [0.96774194 1.         1.         1.         1.         1.
 1.         1.         1.         1.         1.         1.
 1.         1.         1.         1.         1.         1.
 0.96774194 1.         1.         0.96969697 1.         1.
 1.         1.         1.         1.         1.         1.
 1.         1.         1.         0.96774194 1.         1.
 1.         1.         1.         1.         1.         1.
 1.         0.96774194 1.         1.         1.         1.
 1.         1.         1.         1.         1.         1.
 1.         1.         1.         1.         1.         0.96774194
 1.         1.         1.         0.96774194 1.         1.
 1.         1.         1.         1.         1.         1.
 1.         1.         1.         1.         0.96774194 1.
 1.         1.         1.         1.         1.         1.
 1.         1.         0.96774194 1.         1.         1.
 1.         1.         1.         1.         1.         1.
 0.96774194 1.         1.         1.        ]
Mean f1: 0.9967937438905181
Dev: 0.00962055630331637


DT_mix_KM Cross-Validation Results f1:
 [0.96551724 1.         0.96551724 1.         1.         0.93333333
 0.93333333 0.96774194 0.96774194 1.         0.96774194 1.
 1.         0.96551724 1.         1.         0.96774194 0.96551724
 0.96774194 0.92857143 0.93333333 1.         0.96774194 1.
 0.96551724 1.         0.90322581 0.96551724 1.         0.89655172
 0.96551724 0.96774194 0.9375     1.         0.96551724 0.96551724
 0.96551724 1.         0.96774194 1.         0.96551724 0.94117647
 0.88888889 1.         1.         1.         1.         0.96774194
 0.96774194 0.96551724 1.         0.94117647 1.         1.
 1.         1.         0.93333333 0.93333333 0.96551724 0.96774194
 0.96774194 0.96774194 0.96551724 0.96551724 0.96774194 0.96774194
 1.         1.         0.96774194 1.         1.         0.96774194
 0.93333333 0.92857143 1.         0.96774194 0.96551724 0.92857143
 0.9375     1.         0.96774194 0.93333333 1.         0.96774194
 0.96551724 0.9375     1.         1.         1.         0.90322581
 0.96774194 0.9375     0.90909091 1.         0.96551724 1.
 0.96551724 1.         0.96551724 1.        ]
Mean f1: 0.9708530916799256
Dev: 0.028228363235018875


DT_smote_KM Cross-Validation Results f1:
 [0.93333333 1.         1.         1.         1.         1.
 1.         1.         1.         0.96774194 1.         1.
 1.         1.         1.         1.         1.         0.92857143
 1.         0.96774194 0.96774194 1.         1.         1.
 1.         1.         0.96551724 1.         1.         1.
 1.         1.         1.         0.9375     1.         1.
 0.93333333 1.         1.         1.         1.         1.
 1.         1.         1.         1.         0.96774194 0.96774194
 1.         0.96551724 1.         1.         1.         1.
 1.         0.96774194 0.96774194 1.         0.96551724 1.
 1.         0.96969697 0.92857143 0.96551724 1.         1.
 1.         1.         1.         0.96774194 1.         1.
 1.         0.92857143 1.         1.         1.         0.93333333
 1.         0.96774194 1.         0.93333333 1.         1.
 0.96774194 1.         1.         1.         1.         1.
 0.96774194 0.93333333 0.96774194 1.         1.         1.
 1.         1.         1.         1.        ]
Mean f1: 0.9883455011340163
Dev: 0.021450727078427476


DT_GAN_KM Cross-Validation Results f1:
 [0.96551724 0.90909091 0.93333333 1.         0.96551724 0.96551724
 1.         1.         1.         1.         1.         0.96969697
 1.         0.96551724 1.         1.         0.90909091 0.96551724
 1.         0.92857143 0.96551724 0.88888889 1.         1.
 0.90909091 0.90909091 0.96551724 1.         1.         1.
 1.         1.         1.         0.96774194 0.96551724 0.93333333
 0.93333333 1.         0.96774194 0.96774194 0.96551724 1.
 1.         0.96774194 1.         1.         1.         0.9375
 1.         0.96551724 1.         1.         1.         1.
 1.         1.         0.96774194 0.96551724 0.96551724 0.96774194
 1.         0.90909091 0.92857143 0.93333333 1.         1.
 1.         1.         1.         0.96774194 1.         1.
 0.96774194 0.92857143 1.         1.         0.93333333 0.92857143
 1.         1.         1.         0.96774194 1.         0.96774194
 0.93333333 1.         1.         1.         1.         1.
 1.         0.9375     1.         1.         0.93333333 1.
 0.96774194 1.         0.96774194 1.        ]
Mean f1: 0.9772576957401763
Dev: 0.029824909253892168


DT_borderline_KM Cross-Validation Results f1:
 [0.96551724 1.         0.93333333 1.         1.         1.
 1.         1.         1.         0.96551724 1.         1.
 1.         0.96551724 1.         1.         1.         0.89655172
 1.         1.         1.         1.         1.         1.
 0.96774194 1.         0.96551724 0.96551724 1.         0.96551724
 1.         1.         0.93333333 1.         1.         0.96551724
 0.96551724 1.         1.         1.         1.         1.
 0.96551724 1.         1.         0.96551724 0.96774194 1.
 1.         0.96551724 0.96551724 1.         1.         1.
 1.         1.         0.96551724 1.         0.93333333 1.
 1.         1.         0.92857143 0.96551724 1.         1.
 1.         0.96774194 1.         1.         1.         1.
 1.         0.92857143 1.         0.96551724 0.93333333 0.96551724
 1.         1.         0.96774194 0.96774194 1.         1.
 1.         1.         0.96551724 1.         1.         0.96551724
 1.         0.90322581 1.         1.         1.         1.
 0.96551724 1.         1.         1.        ]
Mean f1: 0.9857379098469198
Dev: 0.023559073412200135


DT_mix_CC Cross-Validation Results f1:
 [0.96774194 1.         1.         0.92857143 1.         0.96774194
 0.96774194 0.93333333 1.         0.96774194 0.96551724 0.96969697
 1.         0.96774194 0.96551724 1.         1.         1.
 0.90909091 1.         1.         0.94117647 1.         0.96774194
 1.         0.96551724 1.         1.         0.96774194 1.
 1.         1.         0.96551724 0.9375     1.         1.
 0.96774194 1.         1.         1.         1.         1.
 0.92857143 0.85714286 1.         0.9375     1.         0.96774194
 1.         1.         1.         1.         0.92857143 1.
 1.         0.96774194 1.         1.         0.9375     0.93333333
 0.96774194 0.96969697 1.         0.96774194 0.96774194 0.96551724
 0.96774194 1.         1.         1.         1.         0.9375
 0.84615385 1.         1.         1.         0.96774194 1.
 1.         0.96774194 1.         1.         1.         1.
 1.         0.92857143 0.96774194 0.96551724 1.         1.
 0.96551724 1.         1.         1.         1.         0.92857143
 0.89655172 1.         0.96774194 1.        ]
Mean f1: 0.978270090843964
Dev: 0.03133666816318474


DT_smote_CC Cross-Validation Results f1:
 [0.93333333 1.         1.         1.         1.         1.
 1.         1.         0.92857143 0.96551724 1.         0.96774194
 1.         1.         1.         1.         1.         0.96551724
 0.90909091 1.         1.         0.94117647 0.96551724 1.
 1.         0.96551724 0.96551724 1.         1.         1.
 1.         0.96774194 0.96551724 0.96774194 1.         1.
 1.         0.96551724 1.         1.         1.         0.96774194
 1.         0.96774194 0.96551724 0.9375     1.         1.
 0.96551724 1.         1.         1.         1.         1.
 1.         1.         1.         1.         0.9375     0.96774194
 0.96551724 0.96774194 1.         0.96774194 1.         1.
 1.         1.         1.         0.96551724 1.         1.
 0.96551724 1.         1.         1.         0.9375     0.96551724
 1.         1.         1.         1.         1.         1.
 1.         1.         0.93333333 0.96551724 1.         0.96551724
 1.         0.93333333 0.96551724 0.96551724 1.         1.
 0.96774194 1.         1.         1.        ]
Mean f1: 0.9851480933105369
Dev: 0.02222614604318512


DT_GAN_CC Cross-Validation Results f1:
 [0.93333333 1.         1.         1.         1.         0.96774194
 1.         1.         1.         1.         1.         0.96969697
 0.96551724 1.         1.         1.         1.         0.96774194
 0.90909091 1.         1.         0.9375     1.         0.96774194
 1.         0.96774194 1.         1.         1.         1.
 1.         0.96774194 1.         0.96774194 1.         1.
 0.93333333 1.         1.         0.96551724 1.         1.
 1.         0.96774194 0.96551724 0.9375     1.         0.96774194
 1.         1.         1.         1.         0.96551724 0.96551724
 1.         0.96774194 0.96774194 1.         0.9375     0.9375
 0.96774194 1.         0.96551724 0.96774194 0.93333333 1.
 1.         0.96551724 1.         1.         1.         0.96969697
 0.96551724 1.         1.         1.         0.96774194 0.96551724
 1.         1.         0.96551724 1.         1.         1.
 1.         1.         0.96774194 0.96774194 0.96551724 1.
 1.         0.96969697 1.         1.         1.         1.
 0.96774194 1.         0.96774194 0.96551724]
Mean f1: 0.9840600161795935
Dev: 0.02157033674124612


DT_borderline_CC Cross-Validation Results f1:
 [0.96774194 1.         1.         1.         1.         1.
 0.96774194 0.96551724 0.96551724 1.         0.96551724 0.96774194
 1.         1.         1.         1.         1.         1.
 0.90909091 0.96551724 1.         0.90909091 1.         1.
 0.96551724 1.         1.         1.         1.         1.
 1.         1.         1.         0.96774194 0.96551724 0.96551724
 0.96551724 1.         0.92857143 1.         1.         0.96774194
 1.         0.96774194 1.         0.9375     1.         1.
 1.         0.96551724 1.         1.         1.         0.96551724
 1.         1.         0.96551724 0.96551724 0.9375     0.96774194
 0.96551724 0.96774194 1.         0.96774194 1.         1.
 0.96551724 1.         1.         1.         1.         1.
 0.92857143 1.         0.96551724 1.         0.93333333 1.
 1.         1.         1.         0.96774194 1.         0.92857143
 0.96774194 0.96551724 0.96774194 1.         1.         1.
 1.         0.96774194 1.         1.         1.         1.
 0.89655172 0.96551724 1.         1.        ]
Mean f1: 0.9830321942610597
Dev: 0.0244426883731058


RF_mix_NM Cross-Validation Results f1:
 [0.9375     1.         1.         1.         1.         1.
 1.         1.         1.         1.         1.         0.96774194
 1.         1.         0.96774194 1.         1.         1.
 0.96774194 1.         0.96551724 0.94117647 1.         1.
 1.         1.         1.         1.         1.         1.
 1.         1.         1.         0.93333333 1.         1.
 0.96551724 1.         1.         1.         1.         1.
 1.         0.9375     1.         1.         1.         1.
 1.         1.         1.         1.         0.96774194 1.
 1.         1.         1.         1.         1.         0.93333333
 1.         1.         0.96551724 0.96774194 1.         1.
 0.96774194 1.         1.         1.         1.         1.
 1.         0.96551724 1.         0.96774194 0.96774194 1.
 1.         1.         1.         1.         1.         1.
 0.96774194 1.         0.96774194 1.         1.         0.96551724
 1.         1.         1.         0.96551724 1.         1.
 0.96774194 1.         1.         1.        ]
Mean f1: 0.9912110787585334
Dev: 0.017611887089300244


RF_smote_NM Cross-Validation Results f1:
 [0.9375     0.96774194 1.         1.         1.         1.
 1.         1.         1.         1.         1.         0.96774194
 1.         1.         0.96774194 1.         1.         1.
 0.96774194 1.         1.         0.96969697 1.         1.
 1.         1.         1.         1.         0.96774194 1.
 1.         1.         1.         0.96774194 1.         1.
 0.96774194 1.         1.         1.         1.         1.
 1.         0.96774194 1.         1.         1.         1.
 1.         1.         1.         1.         1.         1.
 1.         1.         1.         1.         1.         0.96774194
 1.         1.         1.         0.96774194 1.         1.
 0.96774194 1.         1.         1.         1.         1.
 1.         1.         1.         0.96774194 0.96774194 1.
 1.         1.         1.         1.         1.         1.
 0.96774194 1.         0.96774194 1.         1.         1.
 1.         1.         1.         1.         1.         1.
 0.96774194 1.         1.         1.        ]
Mean f1: 0.9939106793743891
Dev: 0.013328865179986308


RF_GAN_NM Cross-Validation Results f1:
 [0.96774194 1.         1.         1.         0.96774194 0.9375
 0.96774194 0.93333333 1.         0.96774194 1.         0.88235294
 1.         0.96551724 0.96774194 0.96774194 1.         0.9375
 0.9375     0.96774194 1.         0.94117647 1.         0.9375
 0.96551724 0.96774194 0.96774194 0.96774194 0.96551724 0.96774194
 1.         0.96969697 0.96774194 0.96774194 0.90322581 0.9375
 1.         1.         1.         1.         0.96774194 1.
 1.         0.9375     0.96774194 0.96774194 1.         1.
 0.86666667 0.96774194 0.96774194 0.96969697 1.         1.
 1.         0.9375     0.9375     1.         0.96774194 0.90909091
 0.96774194 0.96969697 0.96551724 0.9375     1.         1.
 0.9375     1.         1.         0.96551724 0.9375     0.9375
 1.         1.         1.         0.9375     0.90909091 0.96774194
 1.         0.96774194 1.         1.         1.         0.96551724
 0.90909091 1.         0.96774194 0.96774194 0.96551724 1.
 0.96774194 0.94117647 1.         0.93333333 1.         1.
 0.96774194 0.96774194 1.         0.96774194]
Mean f1: 0.9708052354170509
Dev: 0.029554852253251874


RF_borderline_NM Cross-Validation Results f1:
 [0.9375     1.         1.         1.         1.         1.
 1.         1.         1.         1.         1.         1.
 1.         1.         0.96774194 1.         1.         1.
 0.96774194 1.         1.         0.94117647 1.         1.
 1.         1.         1.         1.         1.         1.
 1.         1.         1.         0.96774194 1.         1.
 0.96774194 1.         1.         1.         1.         1.
 1.         0.96774194 0.96774194 1.         1.         1.
 1.         1.         1.         1.         1.         1.
 1.         1.         1.         1.         1.         0.96774194
 1.         1.         1.         0.96774194 1.         1.
 0.96774194 1.         1.         1.         1.         1.
 1.         1.         1.         0.96774194 0.96774194 1.
 1.         1.         1.         1.         1.         1.
 0.96774194 1.         0.96774194 1.         1.         1.
 1.         1.         1.         1.         1.         1.
 0.96774194 1.         1.         1.        ]
Mean f1: 0.9942706356736244
Dev: 0.013657252367367482


RF_mix_KM Cross-Validation Results f1:
 [0.96551724 1.         0.96551724 1.         0.96774194 1.
 1.         1.         1.         1.         0.96774194 1.
 1.         0.96551724 1.         1.         1.         0.92857143
 1.         1.         0.93333333 1.         1.         1.
 1.         1.         0.96551724 0.96551724 1.         1.
 1.         1.         1.         1.         0.96551724 0.92857143
 0.96551724 1.         1.         1.         1.         1.
 0.96551724 1.         1.         1.         1.         0.96774194
 1.         0.96551724 1.         1.         1.         1.
 1.         1.         0.96551724 1.         0.96551724 1.
 1.         1.         0.96551724 0.96551724 0.96774194 0.96774194
 1.         1.         1.         1.         1.         1.
 1.         1.         1.         1.         0.96551724 0.96551724
 1.         1.         1.         0.96774194 1.         1.
 0.96551724 1.         0.96774194 1.         1.         0.96551724
 1.         0.96774194 1.         1.         0.96774194 1.
 0.96551724 1.         1.         1.        ]
Mean f1: 0.9887946395465862
Dev: 0.018127562407178326


RF_smote_KM Cross-Validation Results f1:
 [0.90322581 1.         0.96551724 1.         1.         1.
 1.         1.         1.         0.96774194 1.         1.
 1.         0.96551724 1.         0.96774194 1.         0.96551724
 1.         1.         0.96774194 1.         1.         1.
 1.         1.         0.96551724 0.96551724 1.         1.
 1.         1.         1.         1.         1.         0.96551724
 0.96551724 1.         0.96774194 1.         1.         1.
 0.96551724 1.         1.         1.         0.96774194 1.
 1.         0.96551724 1.         1.         1.         1.
 1.         1.         0.93333333 1.         0.96551724 1.
 1.         1.         0.96551724 0.96551724 1.         1.
 1.         1.         1.         0.96774194 1.         1.
 1.         0.96551724 1.         1.         0.96551724 0.93333333
 1.         1.         1.         0.96774194 1.         0.96774194
 1.         1.         1.         1.         1.         0.96551724
 1.         0.96774194 0.96774194 1.         1.         1.
 0.96551724 1.         1.         1.        ]
Mean f1: 0.9889558769002597
Dev: 0.01883817014955509


RF_GAN_KM Cross-Validation Results f1:
 [0.96774194 0.96969697 0.96551724 0.96774194 1.         1.
 1.         1.         1.         1.         0.96774194 1.
 1.         0.96551724 0.96774194 1.         1.         0.96551724
 0.96774194 1.         1.         1.         1.         0.96774194
 1.         1.         0.93333333 0.96551724 1.         1.
 1.         1.         1.         1.         1.         0.93333333
 1.         0.96774194 1.         1.         1.         0.96969697
 0.96551724 0.96774194 0.96774194 1.         1.         1.
 1.         0.96551724 0.96774194 1.         0.96551724 1.
 1.         1.         0.96551724 1.         1.         0.9375
 1.         1.         0.96551724 0.96551724 1.         0.96774194
 1.         1.         1.         0.96774194 1.         1.
 1.         0.96774194 1.         1.         0.96774194 0.96551724
 1.         0.96774194 1.         0.96774194 0.96774194 1.
 1.         1.         0.96774194 1.         0.96774194 0.96551724
 1.         0.96774194 1.         1.         1.         1.
 0.96551724 0.96774194 1.         0.96774194]
Mean f1: 0.9858560732463683
Dev: 0.018159633285164376


RF_borderline_KM Cross-Validation Results f1:
 [0.96551724 1.         0.93333333 1.         1.         1.
 1.         1.         1.         0.96551724 1.         1.
 0.96774194 0.96551724 1.         1.         1.         0.93333333
 1.         1.         1.         1.         1.         1.
 0.96774194 1.         0.96551724 0.96551724 1.         1.
 1.         1.         0.93333333 1.         1.         0.96551724
 0.96551724 1.         1.         1.         1.         1.
 0.96551724 1.         1.         0.96551724 0.96774194 1.
 1.         0.96551724 1.         1.         1.         1.
 1.         1.         0.96551724 1.         0.93333333 1.
 1.         1.         0.92857143 0.96551724 1.         1.
 1.         0.96774194 1.         1.         1.         1.
 1.         1.         1.         1.         0.93333333 0.96551724
 1.         1.         0.96774194 0.96774194 1.         0.96774194
 1.         1.         0.96551724 1.         1.         0.96551724
 1.         0.90322581 1.         1.         1.         1.
 0.96551724 1.         1.         1.        ]
Mean f1: 0.9872093331214579
Dev: 0.021595935037288072


RF_mix_CC Cross-Validation Results f1:
 [0.96774194 1.         1.         1.         1.         1.
 0.96774194 1.         0.92857143 1.         1.         0.96969697
 1.         1.         0.96551724 1.         1.         1.
 0.9375     1.         1.         0.94117647 1.         1.
 1.         1.         1.         1.         1.         1.
 1.         1.         0.96774194 0.93333333 1.         1.
 0.96551724 1.         1.         1.         1.         1.
 0.96551724 0.96774194 1.         0.96774194 1.         0.96774194
 1.         0.96774194 0.96551724 1.         1.         1.
 1.         0.96774194 1.         1.         0.96774194 0.93333333
 0.96774194 1.         1.         0.96774194 1.         1.
 1.         1.         0.96551724 1.         0.96551724 0.96969697
 0.96551724 1.         1.         1.         0.9375     1.
 1.         1.         1.         1.         1.         1.
 1.         1.         0.96774194 0.96774194 1.         1.
 0.96774194 1.         0.96551724 1.         1.         1.
 0.96774194 1.         1.         1.        ]
Mean f1: 0.9879107546851281
Dev: 0.019392376185525317


RF_smote_CC Cross-Validation Results f1:
 [0.96774194 1.         1.         1.         1.         1.
 0.93333333 1.         1.         0.96551724 1.         1.
 0.96551724 1.         1.         1.         1.         1.
 0.9375     1.         1.         0.96969697 0.96551724 1.
 1.         0.93333333 1.         1.         1.         1.
 1.         1.         1.         0.96774194 1.         1.
 1.         0.96551724 1.         1.         1.         1.
 1.         0.96774194 0.96551724 0.96774194 1.         1.
 1.         1.         1.         1.         0.96551724 1.
 1.         1.         1.         1.         0.96774194 0.96774194
 0.96774194 0.96969697 1.         0.96774194 1.         1.
 1.         1.         1.         0.96551724 1.         1.
 1.         1.         1.         1.         0.9375     0.96551724
 1.         1.         1.         1.         1.         1.
 0.96774194 1.         0.93333333 0.96774194 1.         1.
 0.96774194 1.         1.         0.96551724 1.         1.
 0.96774194 1.         1.         1.        ]
Mean f1: 0.989169523376142
Dev: 0.01855828567761254


RF_GAN_CC Cross-Validation Results f1:
 [0.93333333 1.         1.         1.         0.96551724 0.96551724
 0.96551724 1.         1.         1.         1.         1.
 0.92857143 1.         1.         0.92857143 1.         1.
 0.9375     1.         1.         0.9375     1.         1.
 1.         0.96551724 1.         1.         1.         0.96551724
 1.         1.         1.         0.96774194 1.         1.
 0.96551724 1.         1.         0.92857143 0.96551724 1.
 1.         0.96774194 1.         0.96551724 1.         1.
 1.         0.96551724 1.         0.93333333 1.         0.96551724
 1.         1.         1.         0.96551724 0.96774194 0.96774194
 1.         1.         1.         0.96774194 1.         1.
 1.         1.         0.88888889 1.         0.96551724 0.96969697
 1.         1.         1.         1.         0.9375     1.
 1.         0.96551724 0.88888889 1.         0.96551724 1.
 1.         1.         1.         0.96551724 1.         1.
 1.         1.         0.96551724 1.         0.93333333 0.96551724
 0.96774194 1.         1.         0.96551724]
Mean f1: 0.9833145099091984
Dev: 0.025646416399013102


RF_borderline_CC Cross-Validation Results f1:
 [0.93333333 1.         1.         1.         1.         0.96774194
 0.96774194 0.96551724 1.         1.         0.96551724 1.
 1.         1.         1.         1.         1.         1.
 0.90909091 1.         1.         0.90909091 1.         0.96774194
 1.         1.         1.         1.         1.         1.
 1.         1.         1.         0.96774194 0.96774194 0.93333333
 0.96551724 1.         1.         1.         1.         0.96774194
 1.         0.96774194 1.         0.9375     1.         1.
 1.         1.         1.         1.         1.         1.
 1.         1.         1.         0.96551724 0.9375     0.96774194
 0.93333333 0.96969697 1.         0.96774194 1.         1.
 1.         1.         1.         1.         0.96774194 1.
 0.92857143 1.         1.         1.         0.9375     1.
 1.         1.         1.         1.         1.         0.93333333
 0.96774194 1.         0.96774194 1.         1.         1.
 0.96774194 0.96969697 1.         1.         1.         1.
 0.93333333 0.96551724 1.         1.        ]
Mean f1: 0.9857354522100075
Dev: 0.023776802189716124


XGB_mix_NM Cross-Validation Results f1:
 [0.9375     0.96774194 1.         1.         1.         1.
 1.         1.         0.96774194 1.         1.         1.
 1.         1.         0.96774194 0.96551724 1.         0.96774194
 0.9375     1.         1.         0.94117647 1.         0.96551724
 1.         1.         1.         1.         0.96774194 1.
 1.         1.         1.         0.96774194 1.         1.
 0.93333333 1.         1.         0.96774194 1.         1.
 1.         0.9375     0.96774194 1.         1.         0.96551724
 1.         1.         0.96774194 1.         0.96774194 1.
 1.         1.         1.         1.         1.         0.93333333
 0.96774194 1.         0.96551724 0.96774194 1.         1.
 0.96774194 1.         1.         1.         1.         1.
 0.96551724 0.96551724 1.         0.96774194 0.96774194 0.96774194
 1.         1.         1.         1.         1.         0.96551724
 0.96774194 1.         0.96774194 1.         0.96774194 0.96551724
 1.         0.96969697 1.         0.96551724 0.96774194 0.96551724
 0.96774194 1.         1.         1.        ]
Mean f1: 0.9856779316590627
Dev: 0.019549117541319622


XGB_smote_NM Cross-Validation Results f1:
 [0.9375     1.         1.         1.         1.         1.
 1.         1.         0.96774194 1.         1.         0.96774194
 1.         1.         0.96774194 1.         1.         0.96774194
 0.96774194 1.         1.         0.94117647 1.         1.
 1.         1.         1.         1.         0.96774194 1.
 1.         1.         1.         0.96774194 1.         1.
 0.96774194 1.         1.         0.96774194 1.         1.
 1.         0.9375     0.96774194 1.         1.         1.
 1.         1.         0.96774194 1.         0.96774194 1.
 1.         1.         1.         1.         1.         0.96774194
 0.96774194 1.         1.         0.96774194 1.         1.
 0.96774194 1.         1.         1.         1.         1.
 1.         1.         1.         0.96774194 0.96774194 0.96774194
 1.         1.         1.         1.         1.         1.
 0.96774194 1.         0.96774194 1.         0.96774194 1.
 1.         0.96969697 1.         1.         0.96774194 1.
 0.96774194 1.         1.         1.        ]
Mean f1: 0.9901167989189813
Dev: 0.016552099664108953


XGB_GAN_NM Cross-Validation Results f1:
 [0.9375     1.         0.96551724 0.96551724 1.         1.
 0.96774194 0.96551724 1.         1.         1.         0.93333333
 1.         1.         0.93333333 1.         1.         1.
 0.96774194 1.         1.         0.94117647 0.96551724 1.
 0.92857143 0.96774194 1.         1.         0.96551724 1.
 0.96551724 1.         1.         0.93333333 1.         0.96774194
 0.96774194 1.         0.96551724 0.96774194 1.         1.
 0.96551724 0.93333333 0.96774194 0.96774194 0.96551724 1.
 0.89655172 1.         0.96551724 1.         0.96774194 1.
 1.         1.         1.         1.         1.         0.89655172
 1.         1.         1.         0.96774194 1.         0.96551724
 0.96774194 1.         1.         0.92857143 1.         0.96774194
 0.92857143 0.96551724 1.         0.9375     0.96774194 0.96774194
 1.         1.         1.         1.         1.         0.96551724
 0.93333333 1.         0.96774194 1.         1.         0.96774194
 0.96551724 1.         1.         0.89655172 0.96774194 1.
 0.96774194 0.96551724 1.         1.        ]
Mean f1: 0.9786032605478231
Dev: 0.026774996247805726


XGB_borderline_NM Cross-Validation Results f1:
 [0.9375     0.96774194 1.         1.         1.         1.
 1.         1.         0.96774194 1.         1.         1.
 1.         1.         0.96774194 1.         0.96551724 0.96774194
 0.9375     1.         1.         0.94117647 1.         1.
 1.         0.96551724 1.         1.         0.96774194 1.
 1.         1.         1.         0.96774194 1.         1.
 0.96774194 1.         1.         0.96774194 1.         1.
 1.         0.90322581 0.96774194 1.         1.         1.
 1.         1.         0.96774194 1.         0.93333333 1.
 1.         1.         1.         1.         1.         0.96774194
 0.96774194 0.96774194 1.         0.96774194 1.         1.
 0.96774194 1.         1.         1.         1.         1.
 1.         0.96551724 1.         0.96774194 0.96774194 0.96774194
 1.         1.         1.         1.         1.         1.
 0.96774194 1.         0.93333333 1.         0.96774194 1.
 1.         0.96969697 1.         1.         0.96774194 1.
 0.96774194 1.         1.         1.        ]
Mean f1: 0.9874264021818658
Dev: 0.020272044884539955


XGB_mix_KM Cross-Validation Results f1:
 [0.96551724 1.         0.96551724 1.         1.         1.
 1.         0.96774194 1.         1.         1.         1.
 1.         0.93333333 0.96774194 1.         1.         0.96551724
 1.         0.96551724 0.93333333 1.         0.96774194 1.
 1.         1.         0.96551724 0.96551724 1.         0.96774194
 1.         0.94117647 0.96774194 1.         1.         0.96551724
 0.93333333 1.         1.         1.         0.96551724 0.96969697
 0.96551724 1.         1.         1.         1.         0.96774194
 1.         0.96551724 0.96774194 0.96969697 1.         1.
 1.         1.         0.96551724 0.96551724 0.96551724 1.
 0.96774194 0.96774194 0.96551724 0.96551724 1.         1.
 1.         0.96774194 1.         1.         1.         0.96969697
 1.         0.92857143 1.         1.         0.96551724 0.92857143
 1.         1.         1.         0.96774194 1.         0.96551724
 0.96551724 0.96551724 0.96774194 1.         1.         0.93333333
 1.         0.96774194 0.9375     0.96774194 0.96551724 0.96774194
 0.96551724 1.         1.         1.        ]
Mean f1: 0.9817023467137893
Dev: 0.021260701013874696


XGB_smote_KM Cross-Validation Results f1:
 [0.90322581 0.96774194 1.         1.         1.         1.
 1.         1.         1.         0.96774194 1.         0.96774194
 1.         1.         1.         0.96774194 1.         0.96551724
 1.         1.         0.93333333 1.         1.         1.
 1.         1.         0.96551724 1.         1.         1.
 1.         1.         1.         0.96551724 1.         1.
 0.96551724 1.         0.96774194 1.         1.         1.
 1.         1.         0.96551724 1.         0.96774194 1.
 1.         0.96551724 1.         1.         1.         1.
 0.96551724 1.         0.96774194 1.         0.96551724 1.
 1.         1.         0.96551724 0.96551724 1.         1.
 1.         0.96551724 1.         0.96774194 1.         1.
 1.         0.92857143 1.         1.         1.         0.93333333
 1.         1.         1.         0.96774194 1.         0.93333333
 1.         1.         1.         1.         1.         1.
 1.         0.96774194 0.96774194 1.         1.         0.96551724
 1.         1.         1.         1.        ]
Mean f1: 0.9886316542189735
Dev: 0.020147413680571824


XGB_GAN_KM Cross-Validation Results f1:
 [0.93333333 0.94117647 1.         1.         1.         0.96551724
 1.         1.         1.         1.         0.96774194 1.
 1.         0.96774194 1.         1.         0.96774194 0.96551724
 0.96774194 0.96551724 0.96551724 0.96969697 1.         1.
 0.96774194 1.         0.96551724 0.96774194 1.         1.
 1.         0.96969697 1.         0.96774194 0.96551724 1.
 0.96551724 0.96774194 0.96774194 1.         0.96551724 1.
 1.         0.96774194 0.96774194 1.         1.         0.96774194
 1.         0.96551724 0.96774194 1.         1.         1.
 0.96774194 1.         1.         0.96551724 0.96551724 0.96774194
 1.         0.90909091 0.96551724 0.93333333 1.         0.96774194
 1.         1.         1.         1.         1.         1.
 1.         1.         1.         0.96774194 0.96774194 0.92857143
 1.         0.96774194 1.         0.96774194 1.         0.9375
 0.93333333 1.         0.96774194 1.         1.         0.96551724
 0.96774194 0.96774194 1.         1.         0.93333333 1.
 0.96774194 1.         1.         1.        ]
Mean f1: 0.9816659667052179
Dev: 0.021717592500367196


XGB_borderline_KM Cross-Validation Results f1:
 [0.96551724 0.96774194 0.93333333 1.         1.         1.
 1.         1.         1.         0.96551724 0.96551724 1.
 1.         0.96551724 1.         1.         1.         0.93333333
 1.         1.         0.96551724 1.         1.         1.
 0.96774194 1.         0.92857143 0.96551724 1.         1.
 0.96551724 1.         0.96774194 0.96551724 1.         0.96551724
 0.96551724 1.         1.         1.         1.         1.
 0.96551724 1.         0.96774194 1.         0.96774194 1.
 1.         0.96551724 1.         0.96774194 1.         1.
 0.96551724 1.         0.96551724 1.         0.93333333 1.
 1.         1.         0.96551724 0.96551724 1.         0.96551724
 1.         0.93333333 1.         1.         1.         1.
 1.         0.92857143 1.         1.         0.93333333 0.96551724
 1.         1.         0.96774194 0.96774194 0.96551724 1.
 1.         1.         1.         1.         1.         0.96551724
 1.         0.9375     1.         0.96551724 1.         0.96551724
 0.96551724 1.         0.96774194 1.        ]
Mean f1: 0.9837788349488851
Dev: 0.021617949393593655


XGB_mix_CC Cross-Validation Results f1:
 [0.96774194 0.96969697 1.         1.         1.         0.96774194
 0.96774194 0.96551724 0.96551724 1.         1.         1.
 1.         1.         0.89655172 1.         0.96551724 1.
 0.90909091 1.         1.         0.94117647 1.         0.96774194
 1.         1.         1.         0.96551724 0.96551724 0.96551724
 1.         1.         1.         0.89655172 0.96774194 0.96551724
 0.96774194 1.         1.         1.         1.         1.
 0.96551724 0.93333333 1.         0.96774194 0.96551724 0.96774194
 1.         1.         1.         1.         0.96551724 1.
 1.         0.9375     1.         0.96551724 0.96774194 0.96774194
 0.96774194 0.96969697 1.         0.96774194 0.96774194 0.84615385
 1.         1.         0.96551724 1.         1.         0.9375
 0.96551724 0.96774194 1.         1.         0.9375     1.
 1.         0.96551724 1.         1.         1.         1.
 0.93333333 0.96551724 0.96774194 0.96774194 1.         1.
 0.93333333 1.         0.96551724 1.         1.         1.
 0.89655172 0.96551724 0.9375     1.        ]
Mean f1: 0.9777313440883094
Dev: 0.02925181675760257


XGB_smote_CC Cross-Validation Results f1:
 [0.96774194 1.         1.         1.         1.         1.
 0.92857143 1.         1.         0.96551724 1.         1.
 0.96551724 1.         0.96774194 1.         1.         1.
 0.90909091 1.         1.         0.96969697 1.         1.
 1.         0.96551724 1.         1.         1.         1.
 1.         1.         1.         0.96774194 1.         1.
 0.96774194 0.96551724 1.         1.         1.         1.
 1.         0.96774194 0.93333333 0.96774194 1.         1.
 1.         1.         1.         1.         0.93333333 1.
 1.         0.9375     1.         1.         0.96774194 0.96774194
 1.         1.         1.         0.96774194 1.         1.
 0.96774194 1.         1.         0.96551724 1.         1.
 1.         1.         1.         0.96774194 0.96774194 0.96551724
 1.         1.         1.         1.         1.         1.
 0.96774194 1.         0.93333333 1.         1.         1.
 1.         1.         1.         0.96551724 0.96774194 1.
 0.96774194 1.         1.         1.        ]
Mean f1: 0.9881960902927256
Dev: 0.020377266145615528


XGB_GAN_CC Cross-Validation Results f1:
 [0.93333333 1.         1.         1.         0.96551724 0.93333333
 1.         1.         1.         1.         1.         0.96969697
 0.96551724 1.         1.         0.96551724 1.         1.
 0.90909091 1.         1.         0.9375     1.         0.96774194
 1.         0.96551724 1.         1.         1.         0.96551724
 1.         0.96774194 1.         0.96774194 1.         1.
 0.93333333 1.         1.         0.96551724 1.         1.
 1.         0.96774194 0.96551724 0.96551724 1.         0.96774194
 1.         1.         1.         0.96774194 1.         0.96551724
 1.         0.96774194 1.         0.96551724 0.96774194 0.96774194
 0.96774194 1.         0.96551724 0.96774194 1.         1.
 1.         1.         0.88888889 1.         1.         0.9375
 0.96551724 1.         1.         1.         0.96774194 1.
 1.         1.         0.92857143 1.         1.         1.
 1.         1.         0.96774194 0.96774194 0.96551724 1.
 1.         1.         1.         1.         0.96551724 0.96551724
 0.96774194 1.         0.96774194 0.96551724]
Mean f1: 0.983033950260591
Dev: 0.0233807397522343


XGB_borderline_CC Cross-Validation Results f1:
 [0.93333333 1.         1.         1.         1.         1.
 0.96774194 0.96551724 0.96774194 1.         0.96551724 1.
 1.         1.         1.         1.         1.         0.96774194
 0.90909091 1.         1.         0.90909091 1.         1.
 1.         1.         1.         1.         0.96774194 1.
 1.         1.         1.         0.96774194 0.96774194 1.
 0.93333333 1.         1.         0.96774194 1.         0.96774194
 1.         0.9375     1.         0.96774194 1.         1.
 1.         1.         0.96774194 1.         0.96774194 1.
 1.         1.         1.         0.96551724 0.96774194 0.96774194
 0.93333333 0.96969697 1.         0.96774194 1.         1.
 0.96774194 1.         1.         1.         1.         1.
 0.96551724 1.         1.         0.96774194 0.9375     0.96774194
 1.         1.         1.         0.96774194 1.         0.96551724
 0.9375     1.         0.96774194 1.         0.96774194 1.
 0.96774194 0.96969697 1.         1.         0.96774194 1.
 0.93333333 1.         1.         1.        ]
Mean f1: 0.9842131787845082
Dev: 0.022754725106967688


XGBRF_mix_NM Cross-Validation Results f1:
 [0.9375     0.96774194 1.         1.         1.         1.
 1.         1.         0.96774194 1.         1.         1.
 1.         1.         0.96774194 0.96551724 1.         0.96774194
 0.96774194 1.         1.         0.94117647 1.         0.96551724
 1.         1.         1.         1.         0.96774194 1.
 1.         1.         1.         0.96774194 1.         1.
 0.93333333 1.         1.         0.96774194 1.         1.
 1.         0.9375     0.96774194 1.         1.         0.96551724
 1.         1.         0.96774194 1.         0.96774194 1.
 1.         1.         1.         1.         1.         0.93333333
 0.96774194 1.         0.96551724 0.96774194 1.         1.
 0.96774194 1.         1.         1.         1.         1.
 1.         0.96551724 1.         0.96774194 0.96774194 0.96774194
 1.         1.         1.         1.         1.         1.
 0.96774194 1.         0.96774194 1.         0.96774194 0.96551724
 1.         0.96969697 1.         0.96551724 0.96774194 1.
 0.96774194 1.         1.         1.        ]
Mean f1: 0.987014833772522
Dev: 0.01882409637278936


XGBRF_smote_NM Cross-Validation Results f1:
 [0.9375     1.         1.         1.         1.         1.
 1.         1.         0.96774194 1.         1.         1.
 1.         1.         0.96774194 1.         1.         0.96774194
 0.96774194 1.         1.         0.94117647 1.         1.
 1.         1.         1.         1.         0.96774194 1.
 1.         1.         1.         0.96774194 1.         1.
 0.96774194 1.         1.         0.96774194 1.         1.
 1.         0.9375     0.96774194 1.         1.         1.
 1.         1.         0.96774194 1.         0.96774194 1.
 1.         1.         1.         1.         1.         0.96774194
 0.96774194 1.         1.         0.96774194 1.         1.
 0.96774194 1.         1.         1.         1.         1.
 1.         1.         1.         0.96774194 0.96774194 0.96774194
 1.         1.         1.         1.         1.         1.
 0.96774194 1.         0.96774194 1.         0.96774194 1.
 1.         0.96969697 1.         1.         0.96774194 1.
 0.96774194 1.         1.         1.        ]
Mean f1: 0.9904393795641425
Dev: 0.016426757942961334


XGBRF_GAN_NM Cross-Validation Results f1:
 [0.9375     1.         1.         1.         1.         0.9375
 1.         0.96774194 0.96774194 1.         1.         0.94117647
 1.         1.         0.93333333 1.         1.         0.96774194
 0.9375     0.96774194 1.         0.94117647 1.         0.96774194
 1.         1.         0.96774194 0.9375     0.96774194 1.
 0.96551724 1.         1.         0.93333333 0.96774194 0.96774194
 0.9375     1.         1.         0.96774194 1.         1.
 0.96551724 0.9375     0.96774194 0.9375     1.         0.96774194
 0.9375     1.         0.96774194 1.         0.96774194 1.
 1.         0.96774194 1.         1.         1.         0.9375
 0.9375     1.         1.         0.9375     0.96774194 0.96551724
 0.9375     1.         1.         1.         1.         0.96969697
 0.96551724 1.         1.         0.9375     0.90909091 0.96774194
 1.         0.96774194 1.         1.         1.         1.
 0.9375     0.96551724 0.96774194 0.96774194 0.96774194 0.96774194
 0.96551724 0.91428571 1.         0.96774194 0.96774194 1.
 0.96774194 0.96774194 0.96774194 1.        ]
Mean f1: 0.9758922890725711
Dev: 0.025325561038624062


XGBRF_borderline_NM Cross-Validation Results f1:
 [0.9375     0.96774194 1.         1.         1.         1.
 1.         1.         0.96774194 1.         1.         1.
 1.         1.         0.96774194 1.         0.96551724 0.96774194
 0.96774194 1.         1.         0.94117647 1.         1.
 1.         0.96551724 1.         1.         0.96774194 1.
 1.         1.         1.         0.96774194 0.96551724 1.
 0.96774194 1.         1.         0.96774194 1.         1.
 1.         0.90322581 0.96774194 1.         1.         1.
 1.         1.         0.96774194 1.         0.93333333 1.
 1.         1.         1.         1.         1.         0.96774194
 0.96774194 0.96774194 1.         0.96774194 1.         1.
 0.96774194 1.         1.         1.         1.         1.
 1.         0.96551724 1.         0.96774194 0.96774194 0.96774194
 1.         1.         1.         1.         1.         1.
 0.96774194 1.         0.93333333 1.         0.96774194 1.
 1.         0.96969697 1.         1.         0.96774194 1.
 0.96774194 1.         1.         0.96551724]
Mean f1: 0.9870391663642907
Dev: 0.019904584835298146


XGBRF_mix_KM Cross-Validation Results f1:
 [0.96551724 0.96774194 0.96551724 1.         1.         0.93333333
 0.96774194 0.9375     1.         0.96551724 0.93333333 0.96774194
 1.         0.93333333 1.         1.         0.96774194 0.96551724
 0.96774194 0.92857143 0.89655172 1.         0.96774194 1.
 1.         1.         0.89655172 0.93333333 1.         0.96774194
 0.96551724 1.         0.9375     0.96551724 0.96551724 0.96551724
 0.96551724 0.96774194 1.         1.         0.96551724 0.94117647
 0.92857143 1.         0.96551724 1.         1.         0.96774194
 0.96774194 0.96551724 1.         0.9375     1.         1.
 0.93333333 1.         0.93333333 0.93333333 0.96551724 0.96774194
 0.96774194 0.9375     0.96551724 0.96551724 1.         0.875
 1.         0.93333333 1.         1.         1.         1.
 0.96774194 0.92857143 1.         0.96774194 0.96551724 0.92857143
 0.96774194 1.         1.         0.96774194 0.96551724 0.93333333
 0.96551724 0.96774194 1.         1.         1.         0.90322581
 0.96774194 0.96774194 0.96774194 0.93333333 0.96551724 0.96551724
 0.96551724 1.         1.         1.        ]
Mean f1: 0.969408255515777
Dev: 0.028727616742170035


XGBRF_smote_KM Cross-Validation Results f1:
 [0.96551724 0.96774194 0.96551724 1.         1.         1.
 1.         1.         1.         0.93333333 0.96551724 0.96774194
 1.         0.96551724 1.         0.9375     1.         0.92857143
 1.         1.         0.93333333 1.         1.         1.
 1.         1.         0.92857143 0.96551724 1.         0.96551724
 0.96551724 1.         0.96551724 0.96551724 1.         0.96551724
 0.96551724 1.         0.9375     1.         1.         1.
 0.92857143 1.         0.96551724 1.         0.96774194 0.9375
 1.         0.96551724 1.         0.9375     1.         1.
 0.96551724 1.         0.93333333 1.         0.96551724 1.
 1.         1.         0.92857143 0.96551724 1.         0.96551724
 1.         0.96551724 1.         0.96774194 1.         1.
 1.         0.92857143 1.         0.96551724 0.96551724 0.93333333
 1.         0.9375     1.         0.96774194 0.96551724 0.90322581
 1.         1.         0.96551724 1.         1.         0.96551724
 0.9375     0.96774194 0.96774194 0.96551724 1.         0.96551724
 0.96551724 1.         1.         1.        ]
Mean f1: 0.9778205810689126
Dev: 0.025514254792758817


XGBRF_GAN_KM Cross-Validation Results f1:
 [0.93333333 1.         0.90322581 0.96551724 1.         0.92857143
 1.         1.         1.         0.96551724 1.         1.
 1.         0.92857143 0.96774194 1.         0.9375     0.96551724
 0.93333333 0.92857143 0.84615385 0.96969697 0.96551724 1.
 0.96774194 1.         0.96551724 1.         1.         1.
 1.         1.         1.         0.96774194 0.96551724 1.
 0.96551724 1.         0.93333333 1.         0.96551724 1.
 1.         0.93333333 0.93333333 1.         0.96551724 1.
 1.         0.96551724 0.96551724 1.         1.         1.
 0.96551724 1.         1.         0.96551724 0.96551724 0.93333333
 1.         0.9375     0.88888889 0.93333333 1.         0.96774194
 1.         0.96551724 0.96551724 1.         0.96551724 1.
 0.96551724 1.         1.         1.         0.96774194 0.92857143
 1.         1.         1.         0.96774194 1.         1.
 0.96551724 1.         0.93333333 1.         1.         1.
 0.96774194 0.96774194 1.         1.         0.93333333 1.
 0.96774194 1.         1.         1.        ]
Mean f1: 0.9765175623103878
Dev: 0.0302214176149041


XGBRF_borderline_KM Cross-Validation Results f1:
 [0.96551724 0.96774194 0.93333333 1.         1.         1.
 1.         1.         1.         0.92857143 1.         0.96774194
 1.         0.96551724 1.         1.         1.         0.89655172
 1.         1.         0.96551724 1.         1.         1.
 0.96774194 1.         0.92857143 0.96551724 1.         0.96551724
 1.         1.         0.93333333 0.96551724 1.         0.96551724
 0.96551724 1.         1.         1.         1.         1.
 0.92857143 1.         0.96551724 0.96551724 0.96774194 1.
 1.         0.96551724 0.96551724 0.96774194 1.         1.
 0.96551724 1.         0.96551724 1.         0.93333333 1.
 1.         1.         0.92857143 0.96551724 1.         0.96551724
 1.         0.93333333 1.         1.         1.         1.
 1.         0.92857143 1.         0.96551724 0.93333333 0.96551724
 1.         1.         0.96774194 0.96774194 1.         0.96551724
 1.         1.         0.96551724 1.         1.         0.96551724
 1.         0.90322581 1.         0.96551724 1.         0.96551724
 0.96551724 1.         1.         1.        ]
Mean f1: 0.980559086816039
Dev: 0.025656547034141677


XGBRF_mix_CC Cross-Validation Results f1:
 [0.9375     1.         1.         1.         1.         0.90909091
 0.96774194 0.93333333 0.96774194 1.         0.96551724 0.96969697
 1.         1.         0.93333333 1.         1.         0.96774194
 0.90909091 1.         1.         0.88235294 1.         0.9375
 1.         1.         1.         1.         0.96774194 1.
 1.         1.         1.         0.96774194 0.96774194 0.93333333
 0.9375     1.         1.         0.96774194 1.         0.96774194
 0.96551724 0.90322581 0.96774194 0.9375     1.         0.96774194
 1.         1.         0.96774194 1.         0.93333333 1.
 1.         0.96774194 1.         1.         0.9375     0.93333333
 0.9375     0.96969697 1.         0.96774194 1.         0.88888889
 0.96774194 1.         1.         1.         0.96774194 0.9375
 0.96551724 1.         1.         0.96774194 0.9375     0.96774194
 1.         1.         1.         1.         1.         0.96774194
 0.90322581 0.96551724 0.96774194 0.96774194 0.96774194 1.
 0.96774194 0.94117647 1.         0.96774194 0.96774194 1.
 0.93333333 1.         0.96774194 0.96551724]
Mean f1: 0.973975802651259
Dev: 0.029814984878432458


XGBRF_smote_CC Cross-Validation Results f1:
 [0.9375     0.96774194 1.         1.         1.         0.96774194
 0.96774194 1.         0.96774194 0.96551724 1.         1.
 0.92857143 1.         0.96774194 1.         1.         0.89655172
 0.90909091 1.         1.         0.91428571 1.         0.96774194
 1.         0.96551724 1.         1.         0.96774194 1.
 1.         1.         1.         0.96774194 0.96774194 0.96774194
 0.96774194 0.96551724 1.         0.96774194 1.         1.
 1.         0.9375     0.93333333 0.9375     1.         1.
 1.         1.         0.93333333 1.         0.89655172 1.
 1.         1.         1.         1.         0.9375     0.96774194
 0.9375     0.96969697 1.         0.96774194 1.         1.
 0.96774194 1.         1.         0.96551724 0.96774194 1.
 1.         1.         1.         0.96774194 0.9375     0.89655172
 1.         1.         1.         1.         1.         0.96774194
 0.9375     0.96551724 0.93333333 1.         0.93333333 1.
 0.96774194 0.96969697 1.         0.96551724 0.96774194 1.
 0.96774194 1.         0.96551724 1.        ]
Mean f1: 0.9775803183190558
Dev: 0.02822899287738638


XGBRF_GAN_CC Cross-Validation Results f1:
 [0.96774194 1.         1.         1.         0.96551724 0.9375
 0.96774194 0.96774194 1.         1.         1.         0.94117647
 1.         1.         0.96774194 0.92857143 1.         0.9375
 0.90909091 1.         1.         0.94117647 1.         0.96774194
 1.         0.93333333 1.         0.96774194 1.         0.96551724
 1.         1.         1.         0.96774194 0.9375     0.96774194
 0.96774194 1.         1.         0.96551724 0.96551724 1.
 1.         0.96774194 0.93333333 0.90322581 1.         0.96774194
 0.9375     0.96551724 0.96774194 0.96774194 0.96774194 1.
 1.         0.96774194 0.96774194 0.96551724 0.9375     0.9375
 0.96774194 0.96969697 0.96551724 0.9375     0.96774194 1.
 0.96774194 1.         0.88888889 1.         1.         0.9375
 0.96551724 1.         1.         0.96774194 0.9375     1.
 1.         0.96551724 0.96551724 0.96969697 1.         1.
 0.90909091 1.         0.96774194 0.96774194 1.         0.96774194
 0.96774194 0.96969697 1.         0.96774194 0.96774194 0.96551724
 0.96774194 0.96774194 0.96774194 1.        ]
Mean f1: 0.9731968424323247
Dev: 0.026168283398538338


XGBRF_borderline_CC Cross-Validation Results f1:
 [0.9375     1.         1.         1.         1.         0.96774194
 0.96774194 0.96551724 0.96774194 1.         0.96551724 1.
 1.         1.         0.96774194 1.         1.         0.96774194
 0.90909091 1.         1.         0.88235294 1.         0.96774194
 1.         1.         1.         1.         0.96774194 1.
 1.         1.         1.         0.96774194 0.96774194 0.96774194
 0.93333333 1.         1.         0.96774194 1.         0.96774194
 1.         0.9375     0.96774194 0.9375     1.         1.
 1.         1.         0.96774194 1.         0.96774194 1.
 1.         1.         1.         0.96551724 0.9375     0.96774194
 0.90322581 0.96969697 1.         0.96774194 1.         1.
 0.96774194 1.         1.         1.         0.96774194 1.
 0.96551724 1.         1.         0.96774194 0.9375     0.96774194
 1.         1.         1.         1.         1.         0.93333333
 0.9375     1.         0.96774194 1.         0.96774194 1.
 0.96774194 0.94117647 1.         1.         0.96774194 1.
 0.93333333 1.         1.         1.        ]
Mean f1: 0.9808616044961822
Dev: 0.02583850709087223


