LR_mix_NM Cross-Validation Results precision:
 [0.88235294 1.         1.         0.9375     0.9375     1.
 0.88235294 0.9375     0.93333333 0.9375     1.         0.94117647
 0.9375     1.         0.9375     1.         1.         0.9375
 0.9375     0.93333333 1.         0.88888889 0.9375     0.93333333
 1.         0.93333333 1.         0.9375     0.9375     1.
 1.         1.         0.9375     0.9375     0.9375     0.88235294
 0.93333333 0.9375     1.         0.9375     0.9375     1.
 1.         0.875      0.9375     0.9375     1.         1.
 0.9375     0.9375     0.9375     1.         0.88235294 0.88235294
 1.         0.9375     1.         1.         1.         0.875
 0.875      1.         1.         0.9375     0.88235294 1.
 0.9375     0.83333333 1.         1.         1.         0.94117647
 1.         1.         0.9375     0.875      0.9375     0.9375
 1.         1.         1.         1.         1.         0.93333333
 0.9375     1.         0.83333333 0.9375     0.9375     1.
 1.         0.94117647 1.         1.         0.88235294 0.88235294
 0.9375     1.         1.         0.9375    ]
Mean precision: 0.9547540849673203
Dev: 0.044984679053663


LR_smote_NM Cross-Validation Results precision:
 [0.88235294 1.         1.         0.9375     0.9375     1.
 0.9375     1.         0.93333333 0.9375     1.         0.9375
 0.9375     1.         0.9375     1.         1.         0.9375
 0.9375     0.93333333 1.         0.88888889 0.9375     0.93333333
 1.         0.9375     1.         0.9375     0.9375     1.
 1.         1.         0.9375     0.9375     0.9375     0.9375
 0.9375     0.93333333 1.         0.93333333 0.9375     1.
 1.         0.88235294 0.93333333 0.9375     1.         1.
 1.         0.9375     0.93333333 1.         0.88235294 0.9375
 1.         0.9375     1.         1.         1.         0.88235294
 0.9375     1.         1.         0.9375     0.9375     1.
 0.9375     0.83333333 1.         1.         1.         0.94117647
 1.         1.         0.9375     0.9375     0.9375     0.9375
 1.         1.         1.         1.         1.         0.9375
 0.9375     1.         0.88235294 0.93333333 0.93333333 1.
 1.         0.94117647 1.         1.         0.88235294 0.92857143
 0.9375     1.         1.         0.9375    ]
Mean precision: 0.9603976423902896
Dev: 0.03937955976208793


LR_GAN_NM Cross-Validation Results precision:
 [0.875      0.9375     1.         0.9375     0.93333333 0.93333333
 0.9375     0.88235294 1.         1.         1.         0.9375
 0.93333333 0.93333333 0.9375     1.         1.         0.88235294
 0.92307692 0.875      1.         0.88888889 0.93333333 0.88235294
 1.         0.88235294 0.9375     0.92857143 1.         0.9375
 1.         0.88235294 0.93333333 0.9375     0.85714286 0.93333333
 0.88235294 0.9375     1.         1.         0.9375     0.94117647
 1.         0.875      0.9375     0.9375     1.         1.
 0.92857143 0.9375     1.         0.88888889 0.82352941 0.9375
 1.         0.88235294 0.92857143 1.         1.         0.8125
 0.875      1.         1.         0.9375     0.88235294 1.
 0.875      0.77777778 1.         1.         1.         0.83333333
 1.         1.         0.93333333 0.83333333 0.9375     0.9375
 1.         0.92857143 1.         0.9375     1.         1.
 0.93333333 1.         0.83333333 0.88235294 1.         0.88235294
 1.         0.94117647 1.         0.875      0.875      0.88235294
 0.92857143 1.         0.93333333 0.9375    ]
Mean precision: 0.9397373051784816
Dev: 0.054734774954509485


LR_borderline_NM Cross-Validation Results precision:
 [0.88235294 1.         1.         0.9375     0.9375     1.
 0.9375     1.         0.93333333 1.         1.         1.
 0.9375     1.         0.9375     1.         1.         0.88235294
 0.9375     0.93333333 1.         0.88888889 0.9375     0.9375
 1.         0.9375     1.         1.         0.9375     1.
 1.         1.         0.9375     0.9375     0.9375     1.
 0.9375     0.9375     1.         0.9375     1.         1.
 1.         0.88235294 0.9375     0.9375     1.         1.
 1.         0.88235294 0.9375     1.         0.88235294 0.9375
 1.         1.         1.         1.         1.         0.83333333
 0.83333333 1.         1.         0.9375     1.         1.
 0.9375     0.83333333 1.         1.         1.         0.94117647
 1.         1.         0.9375     0.93333333 0.9375     0.88235294
 1.         1.         1.         1.         1.         0.9375
 0.9375     1.         0.88235294 0.9375     0.9375     1.
 1.         0.94117647 1.         1.         0.88235294 0.9375
 0.9375     1.         1.         0.9375    ]
Mean precision: 0.9619256535947713
Dev: 0.04503194078473702


LR_mix_KM Cross-Validation Results precision:
 [0.92857143 0.875      1.         1.         0.92307692 0.93333333
 1.         0.88235294 0.93333333 0.92857143 0.875      1.
 0.9375     0.9375     1.         1.         1.         0.92857143
 1.         1.         0.92307692 1.         1.         1.
 0.93333333 0.9375     0.88235294 0.93333333 0.92857143 0.875
 1.         0.83333333 0.875      1.         1.         0.86666667
 0.93333333 1.         1.         0.9375     0.93333333 0.94117647
 1.         1.         0.92307692 0.88235294 1.         0.93333333
 0.88235294 1.         1.         0.88888889 1.         1.
 0.92307692 1.         0.92857143 0.93333333 0.92857143 0.875
 1.         1.         0.83333333 1.         0.84615385 0.9375
 0.875      0.92857143 1.         1.         1.         0.94117647
 0.93333333 0.92857143 1.         0.9375     0.92857143 0.92857143
 1.         0.93333333 0.9375     0.93333333 0.9375     0.92857143
 1.         0.9375     1.         1.         1.         0.77777778
 1.         1.         0.93333333 0.83333333 0.92857143 1.
 0.83333333 1.         0.9375     1.        ]
Mean precision: 0.9478475005386771
Dev: 0.05249955258897639


LR_smote_KM Cross-Validation Results precision:
 [1.         1.         1.         1.         0.92307692 1.
 1.         1.         0.9375     0.93333333 1.         1.
 1.         1.         0.93333333 0.86666667 0.93333333 1.
 1.         1.         0.92307692 1.         0.93333333 0.93333333
 1.         1.         1.         1.         1.         1.
 1.         1.         1.         0.93333333 1.         1.
 0.9375     1.         0.875      1.         1.         1.
 0.9375     1.         1.         0.9375     0.93333333 0.875
 1.         1.         1.         0.94117647 1.         1.
 1.         1.         0.93333333 1.         1.         0.9375
 1.         1.         1.         1.         1.         1.
 0.9375     1.         0.92857143 0.9375     1.         1.
 1.         1.         0.93333333 1.         1.         0.875
 1.         0.88235294 1.         1.         0.9375     0.82352941
 1.         1.         1.         1.         1.         1.
 0.875      0.93333333 0.9375     1.         1.         1.
 1.         1.         1.         1.        ]
Mean precision: 0.975592840982547
Dev: 0.040704643225220154


LR_GAN_KM Cross-Validation Results precision:
 [1.         0.88235294 1.         0.93333333 0.9375     0.93333333
 0.875      1.         0.86666667 1.         0.82352941 1.
 1.         0.9375     0.875      1.         0.88235294 0.93333333
 1.         0.92857143 1.         0.94117647 1.         0.84615385
 0.88235294 1.         0.88235294 0.875      1.         0.93333333
 0.93333333 0.9375     0.93333333 1.         1.         0.92857143
 0.83333333 0.88235294 1.         1.         1.         0.94117647
 0.9375     1.         0.82352941 1.         0.93333333 0.82352941
 1.         1.         0.875      0.94117647 0.93333333 1.
 0.86666667 0.875      1.         0.93333333 0.92857143 0.875
 1.         0.875      0.88235294 0.88235294 1.         0.88235294
 1.         1.         1.         0.93333333 0.93333333 1.
 0.93333333 0.875      0.9375     0.9375     1.         0.93333333
 1.         0.93333333 1.         1.         0.83333333 0.82352941
 1.         1.         0.92857143 0.93333333 0.9375     1.
 0.9375     0.94117647 1.         0.9375     1.         1.
 0.83333333 0.83333333 0.88235294 0.9375    ]
Mean precision: 0.9400210622710623
Dev: 0.05698255146002395


LR_borderline_KM Cross-Validation Results precision:
 [1.         1.         1.         1.         1.         1.
 1.         1.         1.         1.         1.         1.
 1.         1.         1.         1.         1.         1.
 1.         0.92857143 1.         1.         1.         1.
 1.         1.         0.93333333 1.         1.         0.93333333
 0.92857143 1.         1.         1.         1.         1.
 1.         1.         1.         1.         1.         1.
 1.         1.         1.         1.         0.92857143 1.
 1.         1.         1.         1.         1.         1.
 1.         1.         1.         1.         0.92857143 1.
 1.         1.         1.         1.         1.         1.
 1.         1.         1.         1.         1.         1.
 1.         1.         1.         1.         1.         1.
 1.         1.         1.         1.         1.         1.
 1.         1.         1.         1.         1.         1.
 0.93333333 1.         1.         1.         1.         1.
 1.         1.         1.         1.        ]
Mean precision: 0.9951428571428571
Dev: 0.017715053746791182


LR_mix_CC Cross-Validation Results precision:
 [0.9375     0.88888889 1.         0.92307692 0.92857143 0.875
 0.83333333 0.93333333 1.         1.         1.         0.88888889
 0.88235294 1.         0.92307692 1.         1.         0.88235294
 0.875      0.83333333 0.9375     1.         0.9375     0.88235294
 0.9375     0.88235294 0.93333333 1.         0.88235294 1.
 1.         1.         0.9375     0.92857143 0.82352941 0.92857143
 0.83333333 0.875      1.         1.         1.         1.
 0.875      0.92857143 0.93333333 0.88235294 0.88235294 0.9375
 0.92857143 0.9375     1.         1.         0.875      0.86666667
 1.         0.88235294 0.88235294 1.         1.         0.82352941
 0.88235294 1.         0.9375     0.9375     0.86666667 1.
 0.9375     0.83333333 0.9375     1.         1.         0.88235294
 1.         0.9375     0.88235294 0.9375     1.         0.9375
 1.         0.88235294 1.         0.88235294 1.         0.93333333
 0.92857143 0.82352941 0.88235294 0.83333333 1.         0.9375
 1.         0.93333333 1.         0.88235294 0.9375     0.9375
 0.9375     1.         0.83333333 0.88235294]
Mean precision: 0.933159484306543
Dev: 0.0567427648480745


LR_smote_CC Cross-Validation Results precision:
 [0.9375     1.         1.         0.9375     0.9375     0.88235294
 0.82352941 0.9375     1.         1.         1.         0.84210526
 0.92857143 1.         0.9375     1.         1.         0.875
 1.         0.88235294 0.9375     0.94117647 0.9375     0.88235294
 0.9375     0.82352941 1.         0.93333333 0.93333333 1.
 1.         1.         0.9375     0.9375     1.         0.875
 0.83333333 0.93333333 0.9375     1.         0.9375     1.
 0.9375     1.         0.93333333 0.875      0.93333333 0.88235294
 0.9375     0.9375     1.         1.         0.86666667 0.88235294
 1.         0.88235294 0.9375     1.         0.9375     0.83333333
 0.88235294 1.         1.         1.         0.88235294 1.
 0.93333333 0.83333333 0.9375     1.         1.         0.88888889
 1.         0.9375     0.93333333 0.82352941 0.9375     0.93333333
 1.         0.9375     1.         0.94117647 1.         0.9375
 0.9375     0.93333333 0.82352941 0.83333333 1.         0.9375
 1.         1.         1.         0.93333333 0.83333333 0.88235294
 1.         1.         0.82352941 0.9375    ]
Mean precision: 0.9402990871787312
Dev: 0.05646221404858799


LR_GAN_CC Cross-Validation Results precision:
 [1.         0.88235294 1.         0.9375     0.92857143 0.77777778
 1.         0.88235294 1.         1.         1.         0.88235294
 1.         0.9375     1.         1.         1.         0.88235294
 1.         0.83333333 1.         1.         1.         0.88235294
 0.9375     0.88235294 0.93333333 1.         0.88235294 0.9375
 1.         1.         0.93333333 1.         0.875      0.88235294
 0.93333333 0.93333333 1.         1.         1.         0.94117647
 0.93333333 0.9375     1.         0.88235294 0.92857143 0.9375
 0.9375     0.93333333 1.         0.93333333 0.875      1.
 1.         0.875      0.875      1.         1.         0.82352941
 0.875      0.94117647 1.         1.         0.875      1.
 0.93333333 0.78947368 1.         1.         1.         0.875
 1.         0.92857143 0.875      0.9375     1.         0.9375
 1.         0.93333333 1.         0.94117647 1.         0.9375
 1.         0.875      0.92857143 0.875      1.         0.88235294
 1.         0.9375     1.         0.88235294 0.92857143 0.92857143
 1.         1.         0.88235294 0.93333333]
Mean precision: 0.946031408177306
Dev: 0.05586670110400318


LR_borderline_CC Cross-Validation Results precision:
 [0.9375     0.94117647 1.         0.9375     0.9375     0.88235294
 0.83333333 0.9375     0.93333333 0.88235294 0.9375     0.84210526
 0.9375     1.         0.9375     1.         1.         0.83333333
 0.88235294 0.83333333 0.9375     0.94117647 0.9375     0.88235294
 0.93333333 0.82352941 0.9375     0.9375     0.9375     1.
 1.         1.         0.9375     0.875      0.88235294 0.88235294
 0.83333333 0.88235294 0.9375     0.9375     0.9375     1.
 0.9375     0.88235294 0.88235294 0.88235294 0.9375     0.88235294
 0.9375     0.9375     0.9375     1.         0.83333333 0.88235294
 1.         0.8125     0.88235294 1.         0.9375     0.83333333
 0.83333333 0.94117647 1.         1.         0.83333333 1.
 0.88235294 0.82352941 0.9375     1.         1.         0.83333333
 1.         0.9375     0.9375     0.83333333 0.9375     0.88235294
 1.         0.88235294 1.         0.88888889 1.         0.9375
 0.93333333 0.83333333 0.88235294 0.78947368 0.9375     0.9375
 1.         0.88888889 1.         0.9375     0.83333333 0.875
 0.9375     1.         0.82352941 0.9375    ]
Mean precision: 0.9206597437220503
Dev: 0.058449043760302126


DT_mix_NM Cross-Validation Results precision:
 [0.9375     1.         1.         1.         1.         1.
 1.         1.         1.         1.         1.         1.
 1.         1.         1.         1.         1.         1.
 0.9375     1.         1.         0.94117647 1.         1.
 1.         1.         1.         1.         1.         1.
 1.         1.         1.         0.9375     1.         1.
 1.         1.         1.         1.         1.         1.
 1.         0.9375     1.         1.         1.         1.
 1.         1.         1.         1.         1.         1.
 1.         1.         1.         1.         1.         0.93333333
 1.         1.         1.         0.9375     1.         1.
 1.         1.         1.         1.         1.         1.
 1.         1.         1.         1.         0.9375     1.
 1.         1.         1.         1.         1.         1.
 1.         1.         0.9375     1.         1.         1.
 1.         1.         1.         1.         1.         1.
 0.9375     1.         1.         1.        ]
Mean precision: 0.9937450980392157
Dev: 0.01877292523902411


DT_smote_NM Cross-Validation Results precision:
 [0.9375     1.         1.         1.         1.         1.
 1.         1.         1.         1.         1.         1.
 1.         1.         1.         1.         1.         1.
 0.9375     1.         1.         0.94117647 1.         1.
 1.         1.         1.         1.         1.         1.
 1.         1.         1.         0.9375     1.         1.
 1.         1.         1.         1.         1.         1.
 1.         0.9375     1.         1.         1.         1.
 1.         1.         1.         1.         1.         1.
 1.         1.         1.         1.         1.         0.9375
 1.         1.         1.         0.9375     1.         1.
 1.         1.         1.         1.         1.         1.
 1.         1.         1.         1.         0.9375     1.
 1.         1.         1.         1.         1.         1.
 1.         1.         0.9375     1.         1.         1.
 1.         1.         1.         1.         1.         1.
 0.9375     1.         1.         1.        ]
Mean precision: 0.9937867647058823
Dev: 0.018642968736349325


DT_GAN_NM Cross-Validation Results precision:
 [0.93333333 0.94117647 1.         1.         0.9375     0.83333333
 0.9375     0.9375     0.88235294 0.9375     1.         0.84210526
 1.         0.9375     1.         0.9375     1.         0.88235294
 0.83333333 0.9375     1.         0.94117647 1.         0.83333333
 1.         0.9375     0.9375     0.88235294 1.         0.9375
 0.9375     0.94117647 1.         0.93333333 0.83333333 0.83333333
 1.         1.         1.         0.9375     0.88235294 1.
 1.         0.83333333 0.9375     0.83333333 1.         0.9375
 0.88235294 1.         0.88235294 0.94117647 1.         1.
 1.         0.88235294 0.88235294 1.         0.88235294 0.88235294
 0.92857143 0.94117647 0.9375     0.88235294 0.9375     1.
 0.88235294 0.9375     1.         1.         0.83333333 0.88888889
 1.         1.         1.         0.88235294 0.83333333 0.9375
 1.         0.9375     1.         0.88888889 0.9375     0.9375
 1.         1.         0.9375     0.88235294 0.9375     0.9375
 0.88235294 0.84210526 1.         0.9375     0.9375     1.
 0.88235294 0.9375     0.9375     0.9375    ]
Mean precision: 0.9376825581109637
Dev: 0.054975722139409496


DT_borderline_NM Cross-Validation Results precision:
 [0.9375     1.         1.         1.         1.         1.
 1.         1.         1.         1.         1.         1.
 1.         1.         1.         1.         1.         1.
 0.9375     1.         1.         0.94117647 1.         1.
 1.         1.         1.         1.         1.         1.
 1.         1.         1.         0.9375     1.         1.
 1.         1.         1.         1.         1.         1.
 1.         0.9375     1.         1.         1.         1.
 1.         1.         1.         1.         1.         1.
 1.         1.         1.         1.         1.         0.9375
 1.         1.         1.         0.9375     1.         1.
 1.         1.         1.         1.         1.         1.
 1.         1.         1.         1.         0.9375     1.
 1.         1.         1.         1.         1.         1.
 1.         1.         0.9375     1.         1.         1.
 1.         1.         1.         1.         1.         1.
 0.9375     1.         1.         1.        ]
Mean precision: 0.9937867647058823
Dev: 0.018642968736349325


DT_mix_KM Cross-Validation Results precision:
 [1.         1.         1.         1.         1.         0.93333333
 0.93333333 0.9375     0.9375     1.         0.9375     1.
 1.         1.         1.         1.         0.9375     1.
 0.9375     1.         0.93333333 1.         0.9375     1.
 1.         1.         0.875      1.         1.         0.92857143
 1.         1.         0.88235294 1.         1.         1.
 1.         1.         0.9375     1.         1.         0.88888889
 1.         1.         1.         1.         1.         0.9375
 0.9375     1.         1.         0.88888889 1.         1.
 1.         1.         0.93333333 0.93333333 1.         0.9375
 0.9375     1.         1.         1.         0.9375     0.9375
 1.         1.         0.9375     1.         1.         1.
 0.93333333 1.         1.         0.9375     1.         1.
 0.88235294 1.         0.9375     1.         1.         0.9375
 1.         0.88235294 1.         1.         1.         0.875
 0.9375     0.9375     0.83333333 1.         1.         1.
 1.         1.         1.         1.        ]
Mean precision: 0.9734924136321195
Dev: 0.04012030298114396


DT_smote_KM Cross-Validation Results precision:
 [0.93333333 1.         1.         1.         1.         1.
 1.         1.         1.         0.9375     1.         1.
 1.         1.         1.         1.         1.         1.
 1.         0.9375     0.9375     1.         1.         1.
 1.         1.         1.         1.         1.         1.
 1.         1.         1.         0.88235294 1.         1.
 0.93333333 1.         1.         1.         1.         1.
 1.         1.         1.         1.         0.9375     0.9375
 1.         1.         1.         1.         1.         1.
 1.         0.9375     0.9375     1.         1.         1.
 1.         0.94117647 1.         1.         1.         1.
 1.         1.         1.         0.9375     1.         1.
 1.         1.         1.         1.         1.         0.93333333
 1.         0.9375     1.         1.         1.         1.
 0.9375     1.         1.         1.         1.         1.
 0.9375     1.         0.9375     1.         1.         1.
 1.         1.         1.         1.        ]
Mean precision: 0.988735294117647
Dev: 0.025459774455800936


DT_GAN_KM Cross-Validation Results precision:
 [1.         0.88235294 0.93333333 1.         1.         1.
 1.         1.         1.         1.         1.         0.94117647
 1.         1.         1.         1.         0.83333333 1.
 1.         1.         1.         0.8        1.         1.
 0.83333333 0.83333333 1.         1.         1.         1.
 1.         1.         1.         0.9375     1.         0.93333333
 0.93333333 1.         0.9375     0.9375     1.         1.
 1.         0.9375     1.         1.         1.         0.88235294
 1.         1.         1.         1.         1.         1.
 1.         1.         0.9375     1.         1.         0.9375
 1.         0.88235294 1.         0.93333333 1.         1.
 1.         1.         1.         0.9375     1.         1.
 0.9375     1.         1.         1.         0.93333333 1.
 1.         1.         1.         1.         1.         0.9375
 0.93333333 1.         1.         1.         1.         1.
 1.         0.9375     1.         1.         0.93333333 1.
 0.9375     1.         0.9375     1.        ]
Mean precision: 0.9767156862745098
Dev: 0.043827641602038885


DT_borderline_KM Cross-Validation Results precision:
 [1.         1.         0.93333333 1.         1.         1.
 1.         1.         1.         1.         1.         1.
 1.         1.         1.         1.         1.         0.92857143
 1.         1.         1.         1.         1.         1.
 0.9375     1.         1.         1.         1.         1.
 1.         1.         0.93333333 1.         1.         1.
 1.         1.         1.         1.         1.         1.
 1.         1.         1.         1.         0.9375     1.
 1.         1.         1.         1.         1.         1.
 1.         1.         1.         1.         0.93333333 1.
 1.         1.         1.         1.         1.         1.
 1.         0.9375     1.         1.         1.         1.
 1.         1.         1.         1.         0.93333333 1.
 1.         1.         0.9375     1.         1.         1.
 1.         1.         1.         1.         1.         1.
 1.         0.93333333 1.         1.         1.         1.
 1.         1.         1.         1.        ]
Mean precision: 0.993452380952381
Dev: 0.019662688401964362


DT_mix_CC Cross-Validation Results precision:
 [0.9375     1.         1.         1.         1.         0.9375
 0.9375     0.93333333 1.         0.9375     1.         0.94117647
 1.         0.9375     1.         1.         1.         1.
 0.83333333 1.         1.         0.88888889 1.         0.9375
 1.         1.         1.         1.         0.9375     1.
 1.         1.         1.         0.88235294 1.         1.
 0.9375     1.         1.         1.         1.         1.
 1.         0.92307692 1.         0.88235294 1.         0.9375
 1.         1.         1.         1.         1.         1.
 1.         0.9375     1.         1.         0.88235294 0.93333333
 0.9375     0.94117647 1.         0.9375     0.9375     1.
 0.9375     1.         1.         1.         1.         0.9375
 1.         1.         1.         1.         0.9375     1.
 1.         0.9375     1.         1.         1.         1.
 1.         1.         0.9375     1.         1.         1.
 1.         1.         1.         1.         1.         1.
 0.92857143 1.         0.9375     1.        ]
Mean precision: 0.9778244900524312
Dev: 0.03654009834272136


DT_smote_CC Cross-Validation Results precision:
 [0.93333333 1.         1.         1.         1.         1.
 1.         1.         1.         1.         1.         1.
 1.         1.         1.         1.         1.         1.
 0.83333333 1.         1.         0.88888889 1.         1.
 1.         1.         1.         1.         1.         1.
 1.         1.         1.         0.9375     1.         1.
 1.         1.         1.         1.         1.         1.
 1.         0.9375     1.         0.88235294 1.         1.
 1.         1.         1.         1.         1.         1.
 1.         1.         1.         1.         0.88235294 0.9375
 1.         1.         1.         0.9375     1.         1.
 1.         1.         1.         1.         1.         1.
 1.         1.         1.         1.         0.88235294 1.
 1.         1.         1.         1.         1.         1.
 1.         1.         0.93333333 1.         1.         1.
 1.         1.         1.         1.         1.         1.
 0.9375     1.         1.         1.        ]
Mean precision: 0.9892344771241831
Dev: 0.03138095580913995


DT_GAN_CC Cross-Validation Results precision:
 [0.93333333 1.         1.         1.         1.         0.9375
 1.         1.         1.         1.         1.         0.94117647
 1.         1.         1.         1.         1.         0.9375
 0.83333333 1.         1.         0.9375     1.         0.9375
 1.         0.9375     1.         1.         1.         1.
 1.         1.         1.         0.9375     1.         1.
 0.93333333 1.         1.         1.         1.         1.
 1.         0.9375     1.         0.88235294 1.         0.9375
 1.         1.         1.         1.         1.         1.
 1.         0.9375     0.9375     1.         0.88235294 0.88235294
 0.9375     1.         1.         0.9375     0.93333333 1.
 1.         1.         1.         1.         1.         0.94117647
 1.         1.         1.         1.         0.9375     1.
 1.         1.         1.         1.         1.         1.
 1.         1.         0.9375     0.9375     1.         1.
 1.         0.94117647 1.         1.         1.         1.
 0.9375     1.         0.9375     1.        ]
Mean precision: 0.9804142156862745
Dev: 0.034793703536643635


DT_borderline_CC Cross-Validation Results precision:
 [0.9375     1.         1.         1.         1.         1.
 0.9375     1.         1.         1.         1.         1.
 1.         1.         1.         1.         1.         1.
 0.83333333 1.         1.         0.88235294 1.         1.
 1.         1.         1.         1.         1.         1.
 1.         1.         1.         0.9375     1.         1.
 1.         1.         1.         1.         1.         1.
 1.         0.9375     1.         0.88235294 1.         1.
 1.         1.         1.         1.         1.         1.
 1.         1.         1.         1.         0.88235294 0.9375
 1.         1.         1.         0.9375     1.         1.
 1.         1.         1.         1.         1.         1.
 1.         1.         1.         1.         0.93333333 1.
 1.         1.         1.         1.         1.         1.
 0.9375     1.         0.9375     1.         1.         1.
 1.         1.         1.         1.         1.         1.
 0.92857143 1.         1.         1.        ]
Mean precision: 0.9884229691876751
Dev: 0.031095657276391128


RF_mix_NM Cross-Validation Results precision:
 [0.88235294 1.         1.         1.         1.         1.
 1.         1.         1.         1.         1.         1.
 1.         1.         0.9375     1.         1.         1.
 0.9375     1.         1.         0.88888889 1.         1.
 1.         1.         1.         1.         1.         1.
 1.         1.         1.         0.93333333 1.         1.
 1.         1.         1.         1.         1.         1.
 1.         0.88235294 1.         1.         1.         1.
 1.         1.         1.         1.         0.9375     1.
 1.         1.         1.         1.         1.         0.93333333
 1.         1.         1.         0.9375     1.         1.
 0.9375     1.         1.         1.         1.         1.
 1.         1.         1.         0.9375     0.9375     1.
 1.         1.         1.         1.         1.         1.
 0.9375     1.         0.9375     1.         1.         1.
 1.         1.         1.         1.         1.         1.
 0.9375     1.         1.         1.        ]
Mean precision: 0.9889526143790849
Dev: 0.027527124058856666


RF_smote_NM Cross-Validation Results precision:
 [0.88235294 1.         1.         1.         1.         1.
 1.         1.         1.         1.         1.         1.
 1.         1.         0.9375     1.         1.         1.
 0.9375     1.         1.         0.94117647 1.         1.
 1.         1.         1.         1.         0.9375     1.
 1.         1.         1.         0.9375     1.         1.
 0.9375     1.         1.         1.         1.         1.
 1.         0.9375     1.         1.         1.         1.
 1.         1.         1.         1.         1.         1.
 1.         1.         1.         1.         1.         0.9375
 1.         1.         1.         0.9375     1.         1.
 0.9375     1.         1.         1.         1.         1.
 1.         1.         1.         0.9375     0.9375     1.
 1.         1.         1.         1.         1.         1.
 0.9375     1.         0.9375     1.         1.         1.
 1.         1.         1.         1.         1.         1.
 0.9375     1.         1.         1.        ]
Mean precision: 0.989485294117647
Dev: 0.02468453647185723


RF_GAN_NM Cross-Validation Results precision:
 [0.9375     1.         1.         1.         0.9375     0.88235294
 0.9375     0.93333333 1.         0.9375     1.         0.83333333
 1.         1.         0.9375     0.9375     1.         0.88235294
 0.88235294 0.9375     1.         0.88888889 1.         0.88235294
 1.         0.9375     0.9375     0.9375     1.         0.9375
 1.         0.94117647 0.9375     0.9375     0.875      0.88235294
 1.         1.         1.         1.         0.9375     1.
 1.         0.88235294 0.9375     0.9375     1.         1.
 0.86666667 0.9375     0.9375     0.94117647 1.         1.
 1.         0.88235294 0.88235294 1.         0.9375     0.83333333
 0.9375     0.94117647 1.         0.88235294 1.         1.
 0.88235294 1.         1.         1.         0.88235294 0.9375
 1.         1.         1.         0.88235294 0.83333333 0.9375
 1.         0.9375     1.         1.         1.         1.
 0.83333333 1.         0.9375     0.9375     1.         1.
 0.9375     0.88888889 1.         0.93333333 1.         1.
 0.9375     0.9375     1.         0.9375    ]
Mean precision: 0.9531870915032681
Dev: 0.04986994423953397


RF_borderline_NM Cross-Validation Results precision:
 [0.88235294 1.         1.         1.         1.         1.
 1.         1.         1.         1.         1.         1.
 1.         1.         0.9375     1.         1.         1.
 0.9375     1.         1.         0.88888889 1.         1.
 1.         1.         1.         1.         1.         1.
 1.         1.         1.         0.9375     1.         1.
 0.9375     1.         1.         1.         1.         1.
 1.         0.9375     0.9375     1.         1.         1.
 1.         1.         1.         1.         1.         1.
 1.         1.         1.         1.         1.         0.9375
 1.         1.         1.         0.9375     1.         1.
 0.9375     1.         1.         1.         1.         1.
 1.         1.         1.         0.9375     0.9375     1.
 1.         1.         1.         1.         1.         1.
 0.9375     1.         0.9375     1.         1.         1.
 1.         1.         1.         1.         1.         1.
 0.9375     1.         1.         1.        ]
Mean precision: 0.9889624183006535
Dev: 0.026209003888968765


RF_mix_KM Cross-Validation Results precision:
 [1.         1.         1.         1.         0.9375     1.
 1.         1.         1.         1.         0.9375     1.
 1.         1.         1.         1.         1.         1.
 1.         1.         0.93333333 1.         1.         1.
 1.         1.         1.         1.         1.         1.
 1.         1.         1.         1.         1.         1.
 1.         1.         1.         1.         1.         1.
 1.         1.         1.         1.         1.         0.9375
 1.         1.         1.         1.         1.         1.
 1.         1.         1.         1.         1.         1.
 1.         1.         1.         1.         0.9375     0.9375
 1.         1.         1.         1.         1.         1.
 1.         1.         1.         1.         1.         1.
 1.         1.         1.         1.         1.         1.
 1.         1.         0.9375     1.         1.         1.
 1.         1.         1.         1.         0.9375     1.
 1.         1.         1.         1.        ]
Mean precision: 0.9949583333333334
Dev: 0.0171015654741508


RF_smote_KM Cross-Validation Results precision:
 [0.875      1.         1.         1.         1.         1.
 1.         1.         1.         0.9375     1.         1.
 1.         1.         1.         0.9375     1.         1.
 1.         1.         0.9375     1.         1.         1.
 1.         1.         1.         1.         1.         1.
 1.         1.         1.         1.         1.         1.
 1.         1.         0.9375     1.         1.         1.
 1.         1.         1.         1.         0.9375     1.
 1.         1.         1.         1.         1.         1.
 1.         1.         0.93333333 1.         1.         1.
 1.         1.         1.         1.         1.         1.
 1.         1.         1.         0.9375     1.         1.
 1.         1.         1.         1.         1.         0.93333333
 1.         1.         1.         1.         1.         0.9375
 1.         1.         1.         1.         1.         1.
 1.         1.         0.9375     1.         1.         1.
 1.         1.         1.         1.        ]
Mean precision: 0.9924166666666667
Dev: 0.022363629947851585


RF_GAN_KM Cross-Validation Results precision:
 [0.9375     0.94117647 1.         0.9375     1.         1.
 1.         1.         1.         1.         0.9375     1.
 1.         1.         0.9375     1.         1.         1.
 0.9375     1.         1.         1.         1.         0.9375
 1.         1.         0.93333333 1.         1.         1.
 1.         1.         1.         1.         1.         0.93333333
 1.         0.9375     1.         1.         1.         0.94117647
 1.         0.9375     0.9375     1.         1.         1.
 1.         1.         0.9375     1.         1.         1.
 1.         1.         1.         1.         1.         0.88235294
 1.         1.         1.         1.         1.         0.9375
 1.         1.         1.         0.9375     1.         1.
 1.         0.9375     1.         1.         0.9375     1.
 1.         0.9375     1.         1.         0.9375     1.
 1.         1.         0.9375     1.         0.9375     1.
 1.         1.         1.         1.         1.         1.
 1.         0.9375     1.         0.9375    ]
Mean precision: 0.983813725490196
Dev: 0.028561440144529927


RF_borderline_KM Cross-Validation Results precision:
 [1.         1.         0.93333333 1.         1.         1.
 1.         1.         1.         1.         1.         1.
 0.9375     1.         1.         1.         1.         0.93333333
 1.         1.         1.         1.         1.         1.
 0.9375     1.         1.         1.         1.         1.
 1.         1.         0.93333333 1.         1.         1.
 1.         1.         1.         1.         1.         1.
 1.         1.         1.         1.         0.9375     1.
 1.         1.         1.         1.         1.         1.
 1.         1.         1.         1.         0.93333333 1.
 1.         1.         1.         1.         1.         1.
 1.         0.9375     1.         1.         1.         1.
 1.         1.         1.         1.         0.93333333 1.
 1.         1.         0.9375     1.         1.         0.9375
 1.         1.         1.         1.         1.         1.
 1.         0.93333333 1.         1.         1.         1.
 1.         1.         1.         1.        ]
Mean precision: 0.9922500000000001
Dev: 0.020999503962395555


RF_mix_CC Cross-Validation Results precision:
 [0.9375     1.         1.         1.         1.         1.
 0.9375     1.         1.         1.         1.         0.94117647
 1.         1.         1.         1.         1.         1.
 0.88235294 1.         1.         0.88888889 1.         1.
 1.         1.         1.         1.         1.         1.
 1.         1.         0.9375     0.93333333 1.         1.
 1.         1.         1.         1.         1.         1.
 1.         0.9375     1.         0.9375     1.         0.9375
 1.         0.9375     1.         1.         1.         1.
 1.         0.9375     1.         1.         0.9375     0.93333333
 0.9375     1.         1.         0.9375     1.         1.
 1.         1.         1.         1.         1.         0.94117647
 1.         1.         1.         1.         0.88235294 1.
 1.         1.         1.         1.         1.         1.
 1.         1.         0.9375     0.9375     1.         1.
 0.9375     1.         1.         1.         1.         1.
 0.9375     1.         1.         1.        ]
Mean precision: 0.9846511437908496
Dev: 0.030144925830541503


RF_smote_CC Cross-Validation Results precision:
 [0.9375     1.         1.         1.         1.         1.
 0.93333333 1.         1.         1.         1.         1.
 1.         1.         1.         1.         1.         1.
 0.88235294 1.         1.         0.94117647 1.         1.
 1.         0.93333333 1.         1.         1.         1.
 1.         1.         1.         0.9375     1.         1.
 1.         1.         1.         1.         1.         1.
 1.         0.9375     1.         0.9375     1.         1.
 1.         1.         1.         1.         1.         1.
 1.         1.         1.         1.         0.9375     0.9375
 0.9375     0.94117647 1.         0.9375     1.         1.
 1.         1.         1.         1.         1.         1.
 1.         1.         1.         1.         0.88235294 1.
 1.         1.         1.         1.         1.         1.
 0.9375     1.         0.93333333 0.9375     1.         1.
 0.9375     1.         1.         1.         1.         1.
 0.9375     1.         1.         1.        ]
Mean precision: 0.986970588235294
Dev: 0.02789871903232749


RF_GAN_CC Cross-Validation Results precision:
 [0.93333333 1.         1.         1.         1.         1.
 1.         1.         1.         1.         1.         1.
 1.         1.         1.         1.         1.         1.
 0.88235294 1.         1.         0.9375     1.         1.
 1.         1.         1.         1.         1.         1.
 1.         1.         1.         0.9375     1.         1.
 1.         1.         1.         1.         1.         1.
 1.         0.9375     1.         1.         1.         1.
 1.         1.         1.         1.         1.         1.
 1.         1.         1.         1.         0.9375     0.9375
 1.         1.         1.         0.9375     1.         1.
 1.         1.         1.         1.         1.         0.94117647
 1.         1.         1.         1.         0.88235294 1.
 1.         1.         1.         1.         1.         1.
 1.         1.         1.         1.         1.         1.
 1.         1.         1.         1.         0.93333333 1.
 0.9375     1.         1.         1.        ]
Mean precision: 0.9913504901960783
Dev: 0.024473067935219337


RF_borderline_CC Cross-Validation Results precision:
 [0.93333333 1.         1.         1.         1.         0.9375
 0.9375     1.         1.         1.         1.         1.
 1.         1.         1.         1.         1.         1.
 0.83333333 1.         1.         0.88235294 1.         0.9375
 1.         1.         1.         1.         1.         1.
 1.         1.         1.         0.9375     0.9375     0.93333333
 1.         1.         1.         1.         1.         1.
 1.         0.9375     1.         0.88235294 1.         1.
 1.         1.         1.         1.         1.         1.
 1.         1.         1.         1.         0.88235294 0.9375
 0.93333333 0.94117647 1.         0.9375     1.         1.
 1.         1.         1.         1.         0.9375     1.
 1.         1.         1.         1.         0.88235294 1.
 1.         1.         1.         1.         1.         0.93333333
 0.9375     1.         0.9375     1.         1.         1.
 0.9375     0.94117647 1.         1.         1.         1.
 0.93333333 1.         1.         1.        ]
Mean precision: 0.9816176470588235
Dev: 0.03540729403086651


XGB_mix_NM Cross-Validation Results precision:
 [0.88235294 1.         1.         1.         1.         1.
 1.         1.         0.9375     1.         1.         1.
 1.         1.         0.9375     1.         1.         0.9375
 0.88235294 1.         1.         0.88888889 1.         1.
 1.         1.         1.         1.         0.9375     1.
 1.         1.         1.         0.9375     1.         1.
 0.93333333 1.         1.         0.9375     1.         1.
 1.         0.88235294 0.9375     1.         1.         1.
 1.         1.         0.9375     1.         0.9375     1.
 1.         1.         1.         1.         1.         0.93333333
 0.9375     1.         1.         0.9375     1.         1.
 0.9375     1.         1.         1.         1.         1.
 1.         1.         1.         0.9375     0.9375     0.9375
 1.         1.         1.         1.         1.         1.
 0.9375     1.         0.9375     1.         0.9375     1.
 1.         0.94117647 1.         1.         0.9375     1.
 0.9375     1.         1.         1.        ]
Mean precision: 0.9809379084967321
Dev: 0.03286425620872564


XGB_smote_NM Cross-Validation Results precision:
 [0.88235294 1.         1.         1.         1.         1.
 1.         1.         0.9375     1.         1.         1.
 1.         1.         0.9375     1.         1.         0.9375
 0.9375     1.         1.         0.88888889 1.         1.
 1.         1.         1.         1.         0.9375     1.
 1.         1.         1.         0.9375     1.         1.
 0.9375     1.         1.         0.9375     1.         1.
 1.         0.88235294 0.9375     1.         1.         1.
 1.         1.         0.9375     1.         0.9375     1.
 1.         1.         1.         1.         1.         0.9375
 0.9375     1.         1.         0.9375     1.         1.
 0.9375     1.         1.         1.         1.         1.
 1.         1.         1.         0.9375     0.9375     0.9375
 1.         1.         1.         1.         1.         1.
 0.9375     1.         0.9375     1.         0.9375     1.
 1.         0.94117647 1.         1.         0.9375     1.
 0.9375     1.         1.         1.        ]
Mean precision: 0.9815727124183006
Dev: 0.031523769565613716


XGB_GAN_NM Cross-Validation Results precision:
 [0.88235294 1.         1.         1.         1.         1.
 0.9375     1.         1.         1.         1.         1.
 1.         1.         0.93333333 1.         1.         1.
 0.9375     1.         1.         0.88888889 1.         1.
 1.         0.9375     1.         1.         1.         1.
 1.         1.         1.         0.93333333 1.         0.9375
 0.9375     1.         1.         0.9375     1.         1.
 1.         0.93333333 0.9375     0.9375     1.         1.
 0.92857143 1.         1.         1.         0.9375     1.
 1.         1.         1.         1.         1.         0.92857143
 1.         1.         1.         0.9375     1.         1.
 0.9375     1.         1.         1.         1.         1.
 1.         1.         1.         0.88235294 0.9375     0.9375
 1.         1.         1.         1.         1.         1.
 0.93333333 1.         0.9375     1.         1.         0.9375
 1.         1.         1.         0.92857143 0.9375     1.
 0.9375     1.         1.         1.        ]
Mean precision: 0.9811014239028946
Dev: 0.0322182979514667


XGB_borderline_NM Cross-Validation Results precision:
 [0.88235294 1.         1.         1.         1.         1.
 1.         1.         0.9375     1.         1.         1.
 1.         1.         0.9375     1.         1.         0.9375
 0.88235294 1.         1.         0.88888889 1.         1.
 1.         1.         1.         1.         0.9375     1.
 1.         1.         1.         0.9375     1.         1.
 0.9375     1.         1.         0.9375     1.         1.
 1.         0.875      0.9375     1.         1.         1.
 1.         1.         0.9375     1.         0.93333333 1.
 1.         1.         1.         1.         1.         0.9375
 0.9375     1.         1.         0.9375     1.         1.
 0.9375     1.         1.         1.         1.         1.
 1.         1.         1.         0.9375     0.9375     0.9375
 1.         1.         1.         1.         1.         1.
 0.9375     1.         0.93333333 1.         0.9375     1.
 1.         0.94117647 1.         1.         0.9375     1.
 0.9375     1.         1.         1.        ]
Mean precision: 0.9808643790849674
Dev: 0.03309217998756832


XGB_mix_KM Cross-Validation Results precision:
 [1.         1.         1.         1.         1.         1.
 1.         0.9375     1.         1.         1.         1.
 1.         0.93333333 0.9375     1.         1.         1.
 1.         1.         0.93333333 1.         0.9375     1.
 1.         1.         1.         1.         1.         0.9375
 1.         0.88888889 0.9375     1.         1.         1.
 0.93333333 1.         1.         1.         1.         0.94117647
 1.         1.         1.         1.         1.         0.9375
 1.         1.         0.9375     0.94117647 1.         1.
 1.         1.         1.         1.         1.         1.
 0.9375     1.         1.         1.         1.         1.
 1.         0.9375     1.         1.         1.         0.94117647
 1.         1.         1.         1.         1.         1.
 1.         1.         1.         1.         1.         1.
 1.         1.         0.9375     1.         1.         0.93333333
 1.         1.         0.88235294 0.9375     1.         0.9375
 1.         1.         1.         1.        ]
Mean precision: 0.9857810457516339
Dev: 0.028460858048486193


XGB_smote_KM Cross-Validation Results precision:
 [0.875      1.         1.         1.         1.         1.
 1.         1.         1.         0.9375     1.         1.
 1.         1.         1.         0.9375     1.         1.
 1.         1.         0.93333333 1.         1.         1.
 1.         1.         1.         1.         1.         1.
 1.         1.         1.         1.         1.         1.
 1.         1.         0.9375     1.         1.         1.
 1.         1.         1.         1.         0.9375     1.
 1.         1.         1.         1.         1.         1.
 1.         1.         0.9375     1.         1.         1.
 1.         1.         1.         1.         1.         1.
 1.         1.         1.         0.9375     1.         1.
 1.         1.         1.         1.         1.         0.93333333
 1.         1.         1.         1.         1.         0.93333333
 1.         1.         1.         1.         1.         1.
 1.         1.         0.9375     1.         1.         1.
 1.         1.         1.         1.        ]
Mean precision: 0.9923750000000001
Dev: 0.02246953956656285


XGB_GAN_KM Cross-Validation Results precision:
 [0.93333333 0.88888889 1.         1.         1.         1.
 1.         1.         1.         1.         0.9375     1.
 1.         0.9375     1.         1.         0.9375     1.
 0.9375     1.         1.         0.94117647 1.         1.
 0.9375     1.         1.         0.9375     1.         1.
 1.         0.94117647 1.         0.9375     1.         1.
 1.         0.9375     0.9375     1.         1.         1.
 1.         0.9375     0.9375     1.         1.         0.9375
 1.         1.         0.9375     1.         1.         1.
 0.9375     1.         1.         1.         1.         0.9375
 1.         0.88235294 1.         0.93333333 1.         0.9375
 1.         1.         1.         1.         1.         1.
 1.         1.         1.         0.9375     0.9375     1.
 1.         0.9375     1.         1.         1.         0.88235294
 0.93333333 1.         0.9375     1.         1.         1.
 0.9375     1.         1.         1.         0.93333333 1.
 0.9375     1.         1.         1.        ]
Mean precision: 0.9789428104575163
Dev: 0.032607132620315234


XGB_borderline_KM Cross-Validation Results precision:
 [1.         1.         0.93333333 1.         1.         1.
 1.         1.         1.         1.         1.         1.
 1.         1.         1.         1.         1.         0.93333333
 1.         1.         1.         1.         1.         1.
 0.9375     1.         1.         1.         1.         1.
 1.         1.         0.9375     1.         1.         1.
 1.         1.         1.         1.         1.         1.
 1.         1.         0.9375     1.         0.9375     1.
 1.         1.         1.         1.         1.         1.
 1.         1.         1.         1.         0.93333333 1.
 1.         1.         1.         1.         1.         1.
 1.         0.93333333 1.         1.         1.         1.
 1.         1.         1.         1.         0.93333333 1.
 1.         1.         0.9375     1.         1.         1.
 1.         1.         1.         1.         1.         1.
 1.         0.9375     1.         1.         1.         1.
 1.         1.         0.9375     1.        ]
Mean precision: 0.9922916666666667
Dev: 0.02088639077113239


XGB_mix_CC Cross-Validation Results precision:
 [0.9375     0.94117647 1.         1.         1.         0.9375
 0.9375     1.         1.         1.         1.         1.
 1.         1.         0.92857143 1.         1.         1.
 0.83333333 1.         1.         0.88888889 1.         0.9375
 1.         1.         1.         1.         1.         1.
 1.         1.         1.         0.92857143 0.9375     1.
 0.9375     1.         1.         1.         1.         1.
 1.         0.93333333 1.         0.9375     1.         0.9375
 1.         1.         1.         1.         1.         1.
 1.         0.88235294 1.         1.         0.9375     0.9375
 0.9375     0.94117647 1.         0.9375     0.9375     1.
 1.         1.         1.         1.         1.         0.9375
 1.         0.9375     1.         1.         0.88235294 1.
 1.         1.         1.         1.         1.         1.
 0.93333333 1.         0.9375     0.9375     1.         1.
 0.93333333 1.         1.         1.         1.         1.
 0.92857143 1.         0.88235294 1.        ]
Mean precision: 0.9777484827264239
Dev: 0.036619539463134336


XGB_smote_CC Cross-Validation Results precision:
 [0.9375     1.         1.         1.         1.         1.
 1.         1.         1.         1.         1.         1.
 1.         1.         0.9375     1.         1.         1.
 0.83333333 1.         1.         0.94117647 1.         1.
 1.         1.         1.         1.         1.         1.
 1.         1.         1.         0.9375     1.         1.
 0.9375     1.         1.         1.         1.         1.
 1.         0.9375     0.93333333 0.9375     1.         1.
 1.         1.         1.         1.         0.93333333 1.
 1.         0.88235294 1.         1.         0.9375     0.9375
 1.         1.         1.         0.9375     1.         1.
 0.9375     1.         1.         1.         1.         1.
 1.         1.         1.         0.9375     0.9375     1.
 1.         1.         1.         1.         1.         1.
 0.9375     1.         0.93333333 1.         1.         1.
 1.         1.         1.         1.         0.9375     1.
 0.9375     1.         1.         1.        ]
Mean precision: 0.9851936274509805
Dev: 0.030835536701565407


XGB_GAN_CC Cross-Validation Results precision:
 [0.93333333 1.         1.         1.         1.         0.93333333
 1.         1.         1.         1.         1.         0.94117647
 1.         1.         1.         1.         1.         1.
 0.83333333 1.         1.         0.9375     1.         0.9375
 1.         1.         1.         1.         1.         1.
 1.         1.         1.         0.9375     1.         1.
 0.93333333 1.         1.         1.         1.         1.
 1.         0.9375     1.         1.         1.         0.9375
 1.         1.         1.         1.         1.         1.
 1.         0.9375     1.         1.         0.9375     0.9375
 0.9375     1.         1.         0.9375     1.         1.
 1.         1.         1.         1.         1.         0.9375
 1.         1.         1.         1.         0.9375     1.
 1.         1.         1.         1.         1.         1.
 1.         1.         0.9375     0.9375     1.         1.
 1.         1.         1.         1.         1.         1.
 0.9375     1.         0.9375     1.        ]
Mean precision: 0.9857450980392156
Dev: 0.029453538960948412


XGB_borderline_CC Cross-Validation Results precision:
 [0.93333333 1.         1.         1.         1.         1.
 0.9375     1.         0.9375     1.         1.         1.
 1.         1.         1.         1.         1.         0.9375
 0.83333333 1.         1.         0.88235294 1.         1.
 1.         1.         1.         1.         0.9375     1.
 1.         1.         1.         0.9375     0.9375     1.
 0.93333333 1.         1.         0.9375     1.         1.
 1.         0.88235294 1.         0.9375     1.         1.
 1.         1.         0.9375     1.         0.9375     1.
 1.         1.         1.         1.         0.9375     0.9375
 0.93333333 0.94117647 1.         0.9375     1.         1.
 0.9375     1.         1.         1.         1.         1.
 1.         1.         1.         0.9375     0.88235294 0.9375
 1.         1.         1.         1.         1.         1.
 0.88235294 1.         0.9375     1.         0.9375     1.
 0.9375     0.94117647 1.         1.         0.9375     1.
 0.93333333 1.         1.         1.        ]
Mean precision: 0.9772843137254903
Dev: 0.03665570246054244


XGBRF_mix_NM Cross-Validation Results precision:
 [0.88235294 1.         1.         1.         1.         1.
 1.         1.         0.9375     1.         1.         1.
 1.         1.         0.9375     1.         1.         0.9375
 0.9375     1.         1.         0.88888889 1.         1.
 1.         1.         1.         1.         0.9375     1.
 1.         1.         1.         0.9375     1.         1.
 0.93333333 1.         1.         0.9375     1.         1.
 1.         0.88235294 0.9375     1.         1.         1.
 1.         1.         0.9375     1.         0.9375     1.
 1.         1.         1.         1.         1.         0.93333333
 0.9375     1.         1.         0.9375     1.         1.
 0.9375     1.         1.         1.         1.         1.
 1.         1.         1.         0.9375     0.9375     0.9375
 1.         1.         1.         1.         1.         1.
 0.9375     1.         0.9375     1.         0.9375     1.
 1.         0.94117647 1.         1.         0.9375     1.
 0.9375     1.         1.         1.        ]
Mean precision: 0.9814893790849674
Dev: 0.03164543849393476


XGBRF_smote_NM Cross-Validation Results precision:
 [0.88235294 1.         1.         1.         1.         1.
 1.         1.         0.9375     1.         1.         1.
 1.         1.         0.9375     1.         1.         0.9375
 0.9375     1.         1.         0.88888889 1.         1.
 1.         1.         1.         1.         0.9375     1.
 1.         1.         1.         0.9375     1.         1.
 0.9375     1.         1.         0.9375     1.         1.
 1.         0.88235294 0.9375     1.         1.         1.
 1.         1.         0.9375     1.         0.9375     1.
 1.         1.         1.         1.         1.         0.9375
 0.9375     1.         1.         0.9375     1.         1.
 0.9375     1.         1.         1.         1.         1.
 1.         1.         1.         0.9375     0.9375     0.9375
 1.         1.         1.         1.         1.         1.
 0.9375     1.         0.9375     1.         0.9375     1.
 1.         0.94117647 1.         1.         0.9375     1.
 0.9375     1.         1.         1.        ]
Mean precision: 0.9815727124183006
Dev: 0.031523769565613716


XGBRF_GAN_NM Cross-Validation Results precision:
 [0.88235294 1.         1.         1.         1.         0.88235294
 1.         0.9375     0.9375     1.         1.         0.88888889
 1.         1.         0.93333333 1.         1.         0.9375
 0.88235294 0.9375     1.         0.88888889 1.         0.9375
 1.         1.         0.9375     0.88235294 0.9375     1.
 1.         1.         1.         0.93333333 0.9375     0.9375
 0.88235294 1.         1.         0.9375     1.         1.
 1.         0.88235294 0.9375     0.88235294 1.         0.9375
 0.88235294 1.         0.9375     1.         0.9375     1.
 1.         0.9375     1.         1.         1.         0.88235294
 0.88235294 1.         1.         0.88235294 0.9375     1.
 0.88235294 1.         1.         1.         1.         0.94117647
 1.         1.         1.         0.88235294 0.83333333 0.9375
 1.         0.9375     1.         1.         1.         1.
 0.88235294 1.         0.9375     0.9375     0.9375     0.9375
 1.         0.84210526 1.         0.9375     0.9375     1.
 0.9375     0.9375     0.9375     1.        ]
Mean precision: 0.9592650068799449
Dev: 0.04722874019860547


XGBRF_borderline_NM Cross-Validation Results precision:
 [0.88235294 1.         1.         1.         1.         1.
 1.         1.         0.9375     1.         1.         1.
 1.         1.         0.9375     1.         1.         0.9375
 0.9375     1.         1.         0.88888889 1.         1.
 1.         1.         1.         1.         0.9375     1.
 1.         1.         1.         0.9375     1.         1.
 0.9375     1.         1.         0.9375     1.         1.
 1.         0.875      0.9375     1.         1.         1.
 1.         1.         0.9375     1.         0.93333333 1.
 1.         1.         1.         1.         1.         0.9375
 0.9375     1.         1.         0.9375     1.         1.
 0.9375     1.         1.         1.         1.         1.
 1.         1.         1.         0.9375     0.9375     0.9375
 1.         1.         1.         1.         1.         1.
 0.9375     1.         0.93333333 1.         0.9375     1.
 1.         0.94117647 1.         1.         0.9375     1.
 0.9375     1.         1.         1.        ]
Mean precision: 0.9814158496732027
Dev: 0.03188334857360782


XGBRF_mix_KM Cross-Validation Results precision:
 [1.         1.         1.         1.         1.         0.93333333
 0.9375     0.88235294 1.         1.         0.93333333 1.
 1.         0.93333333 1.         1.         0.9375     1.
 0.9375     1.         0.92857143 1.         0.9375     1.
 1.         1.         0.92857143 0.93333333 1.         0.9375
 1.         1.         0.88235294 1.         1.         1.
 1.         0.9375     1.         1.         1.         0.88888889
 1.         1.         1.         1.         1.         0.9375
 0.9375     1.         1.         0.9375     1.         1.
 0.93333333 1.         0.93333333 0.93333333 1.         0.9375
 0.9375     0.9375     1.         1.         1.         0.82352941
 1.         0.93333333 1.         1.         1.         1.
 0.9375     1.         1.         0.9375     1.         1.
 0.9375     1.         1.         1.         1.         0.93333333
 1.         0.9375     1.         1.         1.         0.875
 0.9375     1.         0.9375     0.93333333 1.         1.
 1.         1.         1.         1.        ]
Mean precision: 0.9741760037348273
Dev: 0.0380877088036078


XGBRF_smote_KM Cross-Validation Results precision:
 [1.         1.         1.         1.         1.         1.
 1.         1.         1.         0.93333333 1.         1.
 1.         1.         1.         0.88235294 1.         1.
 1.         1.         0.93333333 1.         1.         1.
 1.         1.         1.         1.         1.         1.
 1.         1.         1.         1.         1.         1.
 1.         1.         0.88235294 1.         1.         1.
 1.         1.         1.         1.         0.9375     0.88235294
 1.         1.         1.         0.9375     1.         1.
 1.         1.         0.93333333 1.         1.         1.
 1.         1.         1.         1.         1.         1.
 1.         1.         1.         0.9375     1.         1.
 1.         1.         1.         1.         1.         0.93333333
 1.         0.88235294 1.         1.         1.         0.875
 1.         1.         1.         1.         1.         1.
 0.88235294 1.         0.9375     1.         1.         1.
 1.         1.         1.         1.        ]
Mean precision: 0.9877009803921569
Dev: 0.03211002050692303


XGBRF_GAN_KM Cross-Validation Results precision:
 [0.93333333 1.         0.875      1.         1.         1.
 1.         1.         1.         1.         1.         1.
 1.         1.         0.9375     1.         0.88235294 1.
 0.93333333 1.         1.         0.94117647 1.         1.
 0.9375     1.         1.         1.         1.         1.
 1.         1.         1.         0.9375     1.         1.
 1.         1.         0.93333333 1.         1.         1.
 1.         0.93333333 0.93333333 1.         1.         1.
 1.         1.         1.         1.         1.         1.
 1.         1.         1.         1.         1.         0.93333333
 1.         0.9375     1.         0.93333333 1.         0.9375
 1.         1.         1.         1.         1.         1.
 1.         1.         1.         1.         0.9375     1.
 1.         1.         1.         1.         1.         1.
 1.         1.         0.93333333 1.         1.         1.
 0.9375     1.         1.         1.         0.93333333 1.
 0.9375     1.         1.         1.        ]
Mean precision: 0.985985294117647
Dev: 0.029074875746148577


XGBRF_borderline_KM Cross-Validation Results precision:
 [1.         1.         0.93333333 1.         1.         1.
 1.         1.         1.         1.         1.         1.
 1.         1.         1.         1.         1.         0.92857143
 1.         1.         1.         1.         1.         1.
 0.9375     1.         1.         1.         1.         1.
 1.         1.         0.93333333 1.         1.         1.
 1.         1.         1.         1.         1.         1.
 1.         1.         1.         1.         0.9375     1.
 1.         1.         1.         1.         1.         1.
 1.         1.         1.         1.         0.93333333 1.
 1.         1.         1.         1.         1.         1.
 1.         0.93333333 1.         1.         1.         1.
 1.         1.         1.         1.         0.93333333 1.
 1.         1.         0.9375     1.         1.         1.
 1.         1.         1.         1.         1.         1.
 1.         0.93333333 1.         1.         1.         1.
 1.         1.         1.         1.        ]
Mean precision: 0.9934107142857144
Dev: 0.01978524421394495


XGBRF_mix_CC Cross-Validation Results precision:
 [0.88235294 1.         1.         1.         1.         0.83333333
 0.9375     0.93333333 0.9375     1.         1.         0.94117647
 1.         1.         0.93333333 1.         1.         0.9375
 0.83333333 1.         1.         0.83333333 1.         0.88235294
 1.         1.         1.         1.         0.9375     1.
 1.         1.         1.         0.9375     0.9375     0.93333333
 0.88235294 1.         1.         0.9375     1.         1.
 1.         0.875      0.9375     0.88235294 1.         0.9375
 1.         1.         0.9375     1.         0.93333333 1.
 1.         0.9375     1.         1.         0.88235294 0.93333333
 0.88235294 0.94117647 1.         0.9375     1.         1.
 0.9375     1.         1.         1.         0.9375     0.9375
 1.         1.         1.         0.9375     0.88235294 0.9375
 1.         1.         1.         1.         1.         0.9375
 0.875      1.         0.9375     0.9375     0.9375     1.
 0.9375     0.88888889 1.         0.9375     0.9375     1.
 0.93333333 1.         0.9375     1.        ]
Mean precision: 0.9623521241830066
Dev: 0.04618678404401761


XGBRF_smote_CC Cross-Validation Results precision:
 [0.88235294 1.         1.         1.         1.         0.9375
 0.9375     1.         0.9375     1.         1.         1.
 1.         1.         0.9375     1.         1.         0.92857143
 0.83333333 1.         1.         0.84210526 1.         0.9375
 1.         1.         1.         1.         0.9375     1.
 1.         1.         1.         0.9375     0.9375     0.9375
 0.9375     1.         1.         0.9375     1.         1.
 1.         0.88235294 0.93333333 0.88235294 1.         1.
 1.         1.         0.93333333 1.         0.92857143 1.
 1.         1.         1.         1.         0.88235294 0.9375
 0.88235294 0.94117647 1.         0.9375     1.         1.
 0.9375     1.         1.         1.         0.9375     1.
 1.         1.         1.         0.9375     0.88235294 0.92857143
 1.         1.         1.         1.         1.         0.9375
 0.88235294 1.         0.93333333 1.         0.93333333 1.
 0.9375     0.94117647 1.         1.         0.9375     1.
 0.9375     1.         1.         1.        ]
Mean precision: 0.9700330974495063
Dev: 0.04218081666511396


XGBRF_GAN_CC Cross-Validation Results precision:
 [0.9375     1.         1.         1.         1.         0.88235294
 0.9375     0.9375     1.         1.         1.         0.88888889
 1.         1.         0.9375     1.         1.         0.88235294
 0.83333333 1.         1.         0.88888889 1.         0.9375
 1.         0.93333333 1.         0.9375     1.         1.
 1.         1.         1.         0.9375     0.88235294 0.9375
 0.9375     1.         1.         1.         1.         1.
 1.         0.9375     0.93333333 0.875      1.         0.9375
 0.88235294 1.         0.9375     1.         0.9375     1.
 1.         0.9375     0.9375     1.         0.88235294 0.88235294
 0.9375     0.94117647 1.         0.88235294 0.9375     1.
 0.9375     1.         1.         1.         1.         0.9375
 1.         1.         1.         0.9375     0.88235294 1.
 1.         1.         1.         0.94117647 1.         1.
 0.83333333 1.         0.9375     0.9375     1.         0.9375
 0.9375     0.94117647 1.         0.9375     0.9375     1.
 0.9375     0.9375     0.9375     1.        ]
Mean precision: 0.9625596405228758
Dev: 0.04460619543600348


XGBRF_borderline_CC Cross-Validation Results precision:
 [0.88235294 1.         1.         1.         1.         0.9375
 0.9375     1.         0.9375     1.         1.         1.
 1.         1.         0.9375     1.         1.         0.9375
 0.83333333 1.         1.         0.83333333 1.         0.9375
 1.         1.         1.         1.         0.9375     1.
 1.         1.         1.         0.9375     0.9375     0.9375
 0.93333333 1.         1.         0.9375     1.         1.
 1.         0.88235294 0.9375     0.88235294 1.         1.
 1.         1.         0.9375     1.         0.9375     1.
 1.         1.         1.         1.         0.88235294 0.9375
 0.875      0.94117647 1.         0.9375     1.         1.
 0.9375     1.         1.         1.         0.9375     1.
 1.         1.         1.         0.9375     0.88235294 0.9375
 1.         1.         1.         1.         1.         0.93333333
 0.88235294 1.         0.9375     1.         0.9375     1.
 0.9375     0.88888889 1.         1.         0.9375     1.
 0.93333333 1.         1.         1.        ]
Mean precision: 0.9696584967320263
Dev: 0.043017912101426595


