LR_mix_NM Cross-Validation Results recall:
 [1.         0.9375     1.         1.         1.         1.
 1.         1.         0.93333333 1.         1.         1.
 1.         1.         1.         0.93333333 1.         1.
 1.         0.93333333 1.         1.         1.         0.93333333
 1.         0.93333333 1.         1.         1.         1.
 1.         1.         1.         1.         1.         1.
 0.93333333 1.         0.93333333 1.         1.         0.875
 1.         0.93333333 1.         1.         1.         0.93333333
 1.         1.         1.         1.         1.         1.
 1.         1.         1.         0.93333333 1.         0.93333333
 0.93333333 1.         0.93333333 1.         1.         1.
 1.         1.         1.         1.         1.         1.
 1.         0.93333333 1.         0.93333333 1.         1.
 1.         1.         1.         1.         1.         0.93333333
 1.         1.         1.         1.         1.         0.93333333
 1.         1.         1.         0.93333333 1.         1.
 1.         1.         0.93333333 1.        ]
Mean recall: 0.9854583333333334
Dev: 0.028780147237288417


LR_smote_NM Cross-Validation Results recall:
 [1.         1.         0.93333333 1.         1.         1.
 1.         1.         0.93333333 1.         1.         0.9375
 1.         1.         1.         1.         1.         1.
 1.         0.93333333 1.         1.         1.         0.93333333
 1.         1.         1.         1.         1.         0.93333333
 1.         1.         1.         1.         1.         1.
 1.         0.93333333 1.         0.93333333 1.         0.9375
 1.         1.         0.93333333 1.         1.         1.
 1.         1.         0.93333333 1.         1.         1.
 1.         1.         1.         1.         1.         1.
 1.         1.         0.86666667 1.         1.         1.
 1.         1.         1.         1.         1.         1.
 0.93333333 1.         1.         1.         1.         1.
 1.         1.         1.         1.         1.         1.
 1.         1.         1.         0.93333333 0.93333333 1.
 1.         1.         1.         1.         1.         0.86666667
 1.         1.         1.         1.        ]
Mean recall: 0.9880833333333334
Dev: 0.028722934119696824


LR_GAN_NM Cross-Validation Results recall:
 [0.93333333 0.9375     0.93333333 1.         0.93333333 0.93333333
 1.         1.         1.         0.93333333 1.         0.9375
 0.93333333 0.93333333 1.         1.         1.         1.
 0.8        0.93333333 0.86666667 1.         0.93333333 1.
 0.93333333 1.         1.         0.86666667 0.93333333 1.
 0.86666667 0.9375     0.93333333 1.         0.8        0.93333333
 1.         1.         1.         0.86666667 1.         1.
 1.         0.93333333 1.         1.         0.86666667 0.86666667
 0.86666667 1.         1.         1.         0.93333333 1.
 0.93333333 1.         0.86666667 0.86666667 1.         0.86666667
 0.93333333 0.9375     0.86666667 1.         1.         1.
 0.93333333 0.93333333 1.         0.86666667 0.93333333 0.9375
 0.86666667 1.         0.93333333 1.         1.         1.
 0.93333333 0.86666667 1.         0.9375     0.86666667 0.86666667
 0.93333333 0.93333333 1.         1.         0.93333333 1.
 1.         1.         1.         0.93333333 0.93333333 1.
 0.86666667 0.93333333 0.93333333 1.        ]
Mean recall: 0.95025
Dev: 0.053576334431454986


LR_borderline_NM Cross-Validation Results recall:
 [1.         1.         1.         1.         1.         1.
 1.         1.         0.93333333 1.         1.         1.
 1.         1.         1.         1.         1.         1.
 1.         0.93333333 1.         1.         1.         1.
 1.         1.         1.         1.         1.         1.
 1.         1.         1.         1.         1.         1.
 1.         1.         0.93333333 1.         1.         1.
 1.         1.         1.         1.         1.         1.
 1.         1.         1.         1.         1.         1.
 1.         1.         1.         0.93333333 1.         1.
 1.         1.         1.         1.         1.         1.
 1.         1.         1.         1.         1.         1.
 1.         1.         1.         0.93333333 1.         1.
 1.         1.         1.         1.         1.         1.
 1.         1.         1.         1.         1.         1.
 1.         1.         1.         1.         1.         1.
 1.         1.         0.93333333 1.        ]
Mean recall: 0.9960000000000001
Dev: 0.015832456116050556


LR_mix_KM Cross-Validation Results recall:
 [0.86666667 0.875      0.93333333 0.93333333 0.8        0.93333333
 0.93333333 1.         0.93333333 0.86666667 0.93333333 0.8125
 1.         1.         0.93333333 0.86666667 1.         0.86666667
 0.93333333 0.86666667 0.8        1.         0.93333333 0.86666667
 0.93333333 1.         1.         0.93333333 0.86666667 0.93333333
 0.93333333 0.9375     0.93333333 0.93333333 0.93333333 0.86666667
 0.93333333 0.93333333 0.93333333 1.         0.93333333 1.
 1.         0.93333333 0.8        1.         0.86666667 0.93333333
 1.         0.73333333 0.93333333 1.         0.93333333 0.73333333
 0.8        1.         0.86666667 0.93333333 0.86666667 0.93333333
 0.93333333 0.9375     1.         0.93333333 0.73333333 1.
 0.93333333 0.86666667 0.86666667 0.93333333 0.86666667 1.
 0.93333333 0.86666667 1.         1.         0.86666667 0.86666667
 0.93333333 0.93333333 1.         0.875      1.         0.86666667
 0.73333333 1.         0.93333333 0.93333333 1.         0.93333333
 1.         0.9375     0.93333333 1.         0.86666667 0.8
 0.66666667 0.93333333 1.         1.        ]
Mean recall: 0.9190833333333335
Dev: 0.07249803637187546


LR_smote_KM Cross-Validation Results recall:
 [1.         0.875      0.93333333 0.93333333 0.8        0.93333333
 0.93333333 0.93333333 1.         0.93333333 0.93333333 0.875
 1.         1.         0.93333333 0.86666667 0.93333333 0.86666667
 1.         0.86666667 0.8        1.         0.93333333 0.93333333
 0.93333333 1.         1.         0.93333333 0.86666667 0.93333333
 0.86666667 1.         0.93333333 0.93333333 0.93333333 0.86666667
 1.         0.93333333 0.93333333 1.         0.93333333 1.
 1.         0.93333333 0.8        1.         0.93333333 0.93333333
 1.         0.8        1.         1.         0.93333333 0.66666667
 0.8        1.         0.93333333 0.93333333 0.93333333 1.
 1.         0.875      1.         1.         0.73333333 1.
 1.         0.86666667 0.86666667 1.         0.93333333 0.9375
 0.93333333 0.8        0.93333333 0.93333333 0.86666667 0.93333333
 0.93333333 1.         1.         0.9375     1.         0.93333333
 0.73333333 0.93333333 0.93333333 0.93333333 1.         0.93333333
 0.93333333 0.875      1.         1.         0.86666667 0.8
 0.86666667 1.         1.         1.        ]
Mean recall: 0.9304166666666667
Dev: 0.06988209316015402


LR_GAN_KM Cross-Validation Results recall:
 [0.93333333 0.9375     0.93333333 0.93333333 1.         0.93333333
 0.93333333 1.         0.86666667 0.93333333 0.93333333 0.9375
 1.         1.         0.93333333 0.86666667 1.         0.93333333
 0.93333333 0.86666667 0.86666667 1.         0.93333333 0.73333333
 1.         1.         1.         0.93333333 0.93333333 0.93333333
 0.93333333 0.9375     0.93333333 1.         0.93333333 0.86666667
 1.         1.         0.93333333 1.         0.93333333 1.
 1.         0.93333333 0.93333333 1.         0.93333333 0.93333333
 0.93333333 0.73333333 0.93333333 1.         0.93333333 1.
 0.86666667 0.93333333 1.         0.93333333 0.86666667 0.93333333
 1.         0.875      1.         1.         0.8        1.
 0.93333333 1.         0.86666667 0.93333333 0.93333333 1.
 0.93333333 0.93333333 1.         1.         0.86666667 0.93333333
 1.         0.93333333 1.         0.875      1.         0.93333333
 0.86666667 1.         0.86666667 0.93333333 1.         1.
 1.         1.         1.         1.         0.86666667 0.93333333
 0.66666667 1.         1.         1.        ]
Mean recall: 0.9429583333333335
Dev: 0.06305502171824928


LR_borderline_KM Cross-Validation Results recall:
 [1.         0.875      0.86666667 0.93333333 0.8        0.93333333
 0.93333333 0.93333333 1.         0.86666667 0.8        0.875
 1.         1.         0.93333333 0.86666667 0.93333333 0.93333333
 0.93333333 0.86666667 0.8        1.         0.86666667 0.93333333
 0.93333333 1.         0.93333333 0.93333333 0.86666667 0.93333333
 0.86666667 0.9375     0.93333333 0.93333333 0.93333333 0.8
 1.         0.93333333 0.93333333 0.93333333 0.93333333 1.
 1.         0.93333333 0.8        1.         0.86666667 0.93333333
 1.         0.73333333 1.         1.         0.93333333 0.66666667
 0.8        1.         0.86666667 0.93333333 0.86666667 0.93333333
 1.         0.875      1.         1.         0.73333333 0.93333333
 0.93333333 0.86666667 0.86666667 0.93333333 0.93333333 0.9375
 0.93333333 0.8        0.93333333 0.93333333 0.86666667 0.93333333
 0.93333333 0.93333333 1.         0.9375     1.         0.86666667
 0.66666667 0.93333333 0.93333333 0.93333333 1.         0.93333333
 0.93333333 0.9375     0.93333333 0.93333333 0.86666667 0.8
 0.8        1.         1.         1.        ]
Mean recall: 0.9157500000000001
Dev: 0.07283347635378787


LR_mix_CC Cross-Validation Results recall:
 [1.         1.         1.         0.8        0.86666667 0.93333333
 1.         0.93333333 0.93333333 1.         0.86666667 1.
 1.         1.         0.8        1.         0.93333333 1.
 0.93333333 1.         1.         0.875      1.         1.
 1.         1.         0.93333333 0.8        1.         0.93333333
 0.93333333 1.         1.         0.86666667 0.93333333 0.86666667
 1.         0.93333333 1.         1.         0.93333333 1.
 0.93333333 0.86666667 0.93333333 1.         1.         1.
 0.86666667 1.         0.93333333 1.         0.93333333 0.86666667
 0.93333333 1.         1.         1.         1.         0.93333333
 1.         0.9375     1.         1.         0.86666667 0.73333333
 1.         1.         1.         0.93333333 0.8        0.9375
 0.93333333 1.         1.         1.         1.         1.
 0.86666667 1.         1.         0.9375     1.         0.93333333
 0.86666667 0.93333333 1.         1.         0.86666667 1.
 0.93333333 0.875      0.93333333 1.         1.         1.
 1.         0.8        1.         1.        ]
Mean recall: 0.9529583333333334
Dev: 0.06249526370942929


LR_smote_CC Cross-Validation Results recall:
 [1.         0.9375     1.         1.         1.         1.
 0.93333333 1.         1.         0.93333333 0.93333333 1.
 0.86666667 1.         1.         1.         1.         0.93333333
 1.         1.         1.         1.         1.         1.
 1.         0.93333333 1.         0.93333333 0.93333333 1.
 1.         1.         1.         1.         0.93333333 0.93333333
 1.         0.93333333 1.         1.         1.         1.
 1.         1.         0.93333333 0.93333333 0.93333333 1.
 1.         1.         0.93333333 1.         0.86666667 1.
 1.         1.         1.         1.         1.         1.
 1.         0.9375     1.         1.         1.         1.
 0.93333333 1.         1.         0.93333333 1.         1.
 1.         1.         0.93333333 0.93333333 1.         0.93333333
 1.         1.         1.         1.         1.         1.
 1.         0.93333333 0.93333333 1.         0.93333333 1.
 1.         0.9375     0.93333333 0.93333333 1.         1.
 1.         1.         0.93333333 1.        ]
Mean recall: 0.9787916666666667
Dev: 0.03367581868179136


LR_GAN_CC Cross-Validation Results recall:
 [0.86666667 0.9375     1.         1.         0.86666667 0.93333333
 0.86666667 1.         1.         1.         0.93333333 0.9375
 0.73333333 1.         1.         0.86666667 1.         1.
 0.93333333 1.         1.         0.875      0.8        1.
 1.         1.         0.93333333 0.86666667 1.         1.
 1.         0.9375     0.93333333 1.         0.93333333 1.
 0.93333333 0.93333333 1.         0.86666667 0.86666667 1.
 0.93333333 1.         0.8        1.         0.86666667 1.
 1.         0.93333333 0.93333333 0.875      0.93333333 0.93333333
 1.         0.93333333 0.93333333 0.86666667 0.86666667 0.93333333
 0.93333333 1.         0.86666667 0.93333333 0.93333333 0.93333333
 0.93333333 1.         0.8        1.         0.93333333 0.875
 0.93333333 0.86666667 0.93333333 1.         1.         1.
 1.         0.93333333 0.86666667 1.         0.86666667 1.
 0.93333333 0.93333333 0.86666667 0.93333333 1.         1.
 1.         0.9375     0.8        1.         0.86666667 0.86666667
 1.         0.93333333 1.         0.93333333]
Mean recall: 0.9404166666666669
Dev: 0.0611677452220985


LR_borderline_CC Cross-Validation Results recall:
 [1.         1.         1.         1.         1.         1.
 1.         1.         0.93333333 1.         1.         1.
 1.         1.         1.         1.         0.93333333 1.
 1.         1.         1.         1.         1.         1.
 0.93333333 0.93333333 1.         1.         1.         1.
 1.         1.         1.         0.93333333 1.         1.
 1.         1.         1.         1.         1.         0.9375
 1.         1.         1.         1.         1.         1.
 1.         1.         1.         1.         1.         1.
 1.         0.86666667 1.         1.         1.         1.
 1.         1.         1.         1.         1.         1.
 1.         0.93333333 1.         1.         0.93333333 0.9375
 0.93333333 1.         1.         1.         1.         1.
 1.         1.         1.         1.         1.         1.
 0.93333333 1.         1.         1.         1.         1.
 1.         1.         1.         1.         1.         0.93333333
 1.         1.         0.93333333 1.        ]
Mean recall: 0.9900833333333334
Dev: 0.025425408332785702


DT_mix_NM Cross-Validation Results recall:
 [1.         0.9375     1.         1.         1.         1.
 1.         1.         1.         1.         1.         1.
 1.         1.         1.         0.93333333 1.         1.
 1.         1.         1.         1.         1.         0.93333333
 1.         1.         1.         1.         1.         1.
 1.         1.         1.         1.         1.         1.
 0.93333333 1.         1.         1.         1.         1.
 1.         1.         1.         1.         1.         0.93333333
 1.         1.         1.         1.         1.         1.
 1.         1.         1.         1.         1.         0.93333333
 1.         1.         0.93333333 1.         1.         1.
 1.         1.         1.         1.         1.         1.
 1.         0.93333333 1.         1.         1.         1.
 1.         1.         1.         1.         1.         1.
 1.         1.         1.         1.         1.         0.93333333
 1.         1.         1.         0.93333333 1.         1.
 1.         1.         1.         1.        ]
Mean recall: 0.993375
Dev: 0.01987893042897429


DT_smote_NM Cross-Validation Results recall:
 [1. 1. 1. 1. 1. 1. 1. 1. 1. 1. 1. 1. 1. 1. 1. 1. 1. 1. 1. 1. 1. 1. 1. 1.
 1. 1. 1. 1. 1. 1. 1. 1. 1. 1. 1. 1. 1. 1. 1. 1. 1. 1. 1. 1. 1. 1. 1. 1.
 1. 1. 1. 1. 1. 1. 1. 1. 1. 1. 1. 1. 1. 1. 1. 1. 1. 1. 1. 1. 1. 1. 1. 1.
 1. 1. 1. 1. 1. 1. 1. 1. 1. 1. 1. 1. 1. 1. 1. 1. 1. 1. 1. 1. 1. 1. 1. 1.
 1. 1. 1. 1.]
Mean recall: 1.0
Dev: 0.0


DT_GAN_NM Cross-Validation Results recall:
 [0.93333333 1.         1.         1.         1.         1.
 1.         1.         1.         1.         1.         1.
 1.         1.         0.86666667 1.         1.         1.
 1.         1.         1.         1.         1.         1.
 1.         1.         1.         1.         1.         1.
 1.         1.         1.         0.93333333 1.         1.
 1.         1.         1.         1.         1.         1.
 0.86666667 1.         1.         1.         1.         1.
 1.         1.         1.         1.         1.         1.
 1.         1.         1.         1.         1.         1.
 0.86666667 1.         1.         1.         1.         1.
 1.         1.         0.93333333 1.         1.         1.
 0.93333333 1.         1.         1.         1.         1.
 1.         1.         1.         1.         1.         1.
 1.         1.         1.         1.         1.         1.
 1.         1.         1.         1.         1.         1.
 1.         1.         1.         1.        ]
Mean recall: 0.9933333333333334
Dev: 0.02581988897471611


DT_borderline_NM Cross-Validation Results recall:
 [1. 1. 1. 1. 1. 1. 1. 1. 1. 1. 1. 1. 1. 1. 1. 1. 1. 1. 1. 1. 1. 1. 1. 1.
 1. 1. 1. 1. 1. 1. 1. 1. 1. 1. 1. 1. 1. 1. 1. 1. 1. 1. 1. 1. 1. 1. 1. 1.
 1. 1. 1. 1. 1. 1. 1. 1. 1. 1. 1. 1. 1. 1. 1. 1. 1. 1. 1. 1. 1. 1. 1. 1.
 1. 1. 1. 1. 1. 1. 1. 1. 1. 1. 1. 1. 1. 1. 1. 1. 1. 1. 1. 1. 1. 1. 1. 1.
 1. 1. 1. 1.]
Mean recall: 1.0
Dev: 0.0


DT_mix_KM Cross-Validation Results recall:
 [0.93333333 1.         0.93333333 1.         1.         0.93333333
 0.93333333 1.         1.         1.         1.         1.
 1.         0.93333333 1.         1.         1.         0.93333333
 1.         0.86666667 0.93333333 1.         1.         1.
 0.93333333 1.         0.93333333 0.93333333 1.         0.86666667
 0.93333333 0.9375     1.         1.         0.93333333 0.93333333
 0.93333333 1.         1.         1.         0.93333333 1.
 0.8        1.         1.         1.         1.         1.
 1.         0.93333333 1.         1.         1.         1.
 1.         1.         0.93333333 0.93333333 0.93333333 1.
 1.         0.9375     0.93333333 0.93333333 1.         1.
 1.         1.         1.         1.         1.         0.9375
 0.93333333 0.86666667 1.         1.         0.93333333 0.86666667
 1.         1.         1.         0.875      1.         1.
 0.93333333 1.         1.         1.         1.         0.93333333
 1.         0.9375     1.         1.         0.93333333 1.
 0.93333333 1.         0.93333333 1.        ]
Mean recall: 0.9702500000000001
Dev: 0.0422255024310612


DT_smote_KM Cross-Validation Results recall:
 [0.93333333 1.         1.         1.         1.         1.
 1.         1.         1.         1.         1.         1.
 1.         1.         1.         1.         1.         0.86666667
 1.         1.         1.         1.         1.         1.
 1.         1.         0.93333333 1.         1.         1.
 1.         1.         1.         1.         1.         1.
 0.93333333 1.         1.         1.         1.         1.
 1.         1.         1.         1.         1.         1.
 1.         0.93333333 1.         1.         1.         1.
 1.         1.         1.         1.         0.93333333 1.
 1.         1.         0.86666667 0.93333333 1.         1.
 1.         1.         1.         1.         1.         1.
 1.         0.86666667 1.         1.         1.         0.93333333
 1.         1.         1.         0.875      1.         1.
 1.         1.         1.         1.         1.         1.
 1.         0.875      1.         1.         1.         1.
 1.         1.         1.         1.        ]
Mean recall: 0.9888333333333335
Dev: 0.03212864765283469


DT_GAN_KM Cross-Validation Results recall:
 [0.93333333 0.9375     0.93333333 1.         0.93333333 0.93333333
 1.         1.         1.         1.         1.         1.
 1.         0.93333333 1.         1.         1.         0.93333333
 1.         0.86666667 0.93333333 1.         1.         1.
 1.         1.         0.93333333 1.         1.         1.
 1.         1.         1.         1.         0.93333333 0.93333333
 0.93333333 1.         1.         1.         0.93333333 1.
 1.         1.         1.         1.         1.         1.
 1.         0.93333333 1.         1.         1.         1.
 1.         1.         1.         0.93333333 0.93333333 1.
 1.         0.9375     0.86666667 0.93333333 1.         1.
 1.         1.         1.         1.         1.         1.
 1.         0.86666667 1.         1.         0.93333333 0.86666667
 1.         1.         1.         0.9375     1.         1.
 0.93333333 1.         1.         1.         1.         1.
 1.         0.9375     1.         1.         0.93333333 1.
 1.         1.         1.         1.        ]
Mean recall: 0.9795000000000001
Dev: 0.035938218591849466


DT_borderline_KM Cross-Validation Results recall:
 [0.93333333 1.         0.93333333 1.         1.         1.
 1.         1.         1.         0.93333333 1.         1.
 1.         0.93333333 1.         1.         1.         0.86666667
 1.         1.         1.         1.         1.         1.
 1.         1.         0.93333333 0.93333333 1.         0.93333333
 1.         1.         0.93333333 1.         1.         0.93333333
 0.93333333 1.         1.         1.         1.         1.
 0.93333333 1.         1.         0.93333333 1.         1.
 1.         0.93333333 0.93333333 1.         1.         1.
 1.         1.         0.93333333 1.         0.93333333 1.
 1.         1.         0.86666667 0.93333333 1.         1.
 1.         1.         1.         1.         1.         1.
 1.         0.86666667 1.         0.93333333 0.93333333 0.93333333
 1.         1.         1.         0.9375     1.         1.
 1.         1.         0.93333333 1.         1.         0.93333333
 1.         0.875      1.         1.         1.         1.
 0.93333333 1.         1.         1.        ]
Mean recall: 0.9787916666666667
Dev: 0.036070412428717495


DT_mix_CC Cross-Validation Results recall:
 [1.         1.         1.         0.86666667 1.         1.
 1.         0.93333333 1.         1.         0.93333333 1.
 1.         1.         0.93333333 1.         1.         1.
 1.         1.         1.         1.         1.         1.
 1.         0.93333333 1.         1.         1.         1.
 1.         1.         0.93333333 1.         1.         1.
 1.         1.         1.         1.         1.         1.
 0.86666667 0.8        1.         1.         1.         1.
 1.         1.         1.         1.         0.86666667 1.
 1.         1.         1.         1.         1.         0.93333333
 1.         1.         1.         1.         1.         0.93333333
 1.         1.         1.         1.         1.         0.9375
 0.73333333 1.         1.         1.         1.         1.
 1.         1.         1.         1.         1.         1.
 1.         0.86666667 1.         0.93333333 1.         1.
 0.93333333 1.         1.         1.         1.         0.86666667
 0.86666667 1.         1.         1.        ]
Mean recall: 0.9807083333333334
Dev: 0.0473779682447443


DT_smote_CC Cross-Validation Results recall:
 [0.93333333 1.         1.         1.         1.         1.
 1.         1.         0.86666667 0.93333333 1.         0.9375
 1.         1.         1.         1.         1.         0.93333333
 1.         1.         1.         1.         0.93333333 1.
 1.         0.93333333 0.93333333 1.         1.         1.
 1.         0.9375     0.93333333 1.         1.         1.
 1.         0.93333333 1.         1.         1.         0.9375
 1.         1.         0.93333333 1.         1.         1.
 0.93333333 1.         1.         1.         1.         1.
 1.         1.         1.         1.         1.         1.
 0.93333333 0.9375     1.         1.         1.         1.
 1.         1.         1.         0.93333333 1.         1.
 0.93333333 1.         1.         1.         1.         0.93333333
 1.         1.         1.         1.         1.         1.
 1.         1.         0.93333333 0.93333333 1.         0.93333333
 1.         0.875      0.93333333 0.93333333 1.         1.
 1.         1.         1.         1.        ]
Mean recall: 0.98225
Dev: 0.031932111145713836


DT_GAN_CC Cross-Validation Results recall:
 [0.93333333 1.         1.         1.         1.         1.
 1.         1.         1.         1.         1.         1.
 0.93333333 1.         1.         1.         1.         1.
 1.         1.         1.         0.9375     1.         1.
 1.         1.         1.         1.         1.         1.
 1.         0.9375     1.         1.         1.         1.
 0.93333333 1.         1.         0.93333333 1.         1.
 1.         1.         0.93333333 1.         1.         1.
 1.         1.         1.         1.         0.93333333 0.93333333
 1.         1.         1.         1.         1.         1.
 1.         1.         0.93333333 1.         0.93333333 1.
 1.         0.93333333 1.         1.         1.         1.
 0.93333333 1.         1.         1.         1.         0.93333333
 1.         1.         0.93333333 1.         1.         1.
 1.         1.         1.         1.         0.93333333 1.
 1.         1.         1.         1.         1.         1.
 1.         1.         1.         0.93333333]
Mean recall: 0.98875
Dev: 0.024864214579726148


DT_borderline_CC Cross-Validation Results recall:
 [1.         1.         1.         1.         1.         1.
 1.         0.93333333 0.93333333 1.         0.93333333 0.9375
 1.         1.         1.         1.         1.         1.
 1.         0.93333333 1.         0.9375     1.         1.
 0.93333333 1.         1.         1.         1.         1.
 1.         1.         1.         1.         0.93333333 0.93333333
 0.93333333 1.         0.86666667 1.         1.         0.9375
 1.         1.         1.         1.         1.         1.
 1.         0.93333333 1.         1.         1.         0.93333333
 1.         1.         0.93333333 0.93333333 1.         1.
 0.93333333 0.9375     1.         1.         1.         1.
 0.93333333 1.         1.         1.         1.         1.
 0.86666667 1.         0.93333333 1.         0.93333333 1.
 1.         1.         1.         0.9375     1.         0.86666667
 1.         0.93333333 1.         1.         1.         1.
 1.         0.9375     1.         1.         1.         1.
 0.86666667 0.93333333 1.         1.        ]
Mean recall: 0.9789166666666667
Dev: 0.03606908879728827


RF_mix_NM Cross-Validation Results recall:
 [1.         1.         1.         1.         1.         1.
 1.         1.         1.         1.         1.         0.9375
 1.         1.         1.         1.         1.         1.
 1.         1.         0.93333333 1.         1.         1.
 1.         1.         1.         1.         1.         1.
 1.         1.         1.         0.93333333 1.         1.
 0.93333333 1.         1.         1.         1.         1.
 1.         1.         1.         1.         1.         1.
 1.         1.         1.         1.         1.         1.
 1.         1.         1.         1.         1.         0.93333333
 1.         1.         0.93333333 1.         1.         1.
 1.         1.         1.         1.         1.         1.
 1.         0.93333333 1.         1.         1.         1.
 1.         1.         1.         1.         1.         1.
 1.         1.         1.         1.         1.         0.93333333
 1.         1.         1.         0.93333333 1.         1.
 1.         1.         1.         1.        ]
Mean recall: 0.9940416666666667
Dev: 0.018950364625633046


RF_smote_NM Cross-Validation Results recall:
 [1.     0.9375 1.     1.     1.     1.     1.     1.     1.     1.
 1.     0.9375 1.     1.     1.     1.     1.     1.     1.     1.
 1.     1.     1.     1.     1.     1.     1.     1.     1.     1.
 1.     1.     1.     1.     1.     1.     1.     1.     1.     1.
 1.     1.     1.     1.     1.     1.     1.     1.     1.     1.
 1.     1.     1.     1.     1.     1.     1.     1.     1.     1.
 1.     1.     1.     1.     1.     1.     1.     1.     1.     1.
 1.     1.     1.     1.     1.     1.     1.     1.     1.     1.
 1.     1.     1.     1.     1.     1.     1.     1.     1.     1.
 1.     1.     1.     1.     1.     1.     1.     1.     1.     1.    ]
Mean recall: 0.99875
Dev: 0.008749999999999999


RF_GAN_NM Cross-Validation Results recall:
 [1.         1.         1.         1.         1.         1.
 1.         0.93333333 1.         1.         1.         0.9375
 1.         0.93333333 1.         1.         1.         1.
 1.         1.         1.         1.         1.         1.
 0.93333333 1.         1.         1.         0.93333333 1.
 1.         1.         1.         1.         0.93333333 1.
 1.         1.         1.         1.         1.         1.
 1.         1.         1.         1.         1.         1.
 0.86666667 1.         1.         1.         1.         1.
 1.         1.         1.         1.         1.         1.
 1.         1.         0.93333333 1.         1.         1.
 1.         1.         1.         0.93333333 1.         0.9375
 1.         1.         1.         1.         1.         1.
 1.         1.         1.         1.         1.         0.93333333
 1.         1.         1.         1.         0.93333333 1.
 1.         1.         1.         0.93333333 1.         1.
 1.         1.         1.         1.        ]
Mean recall: 0.99075
Dev: 0.02479485273644959


RF_borderline_NM Cross-Validation Results recall:
 [1. 1. 1. 1. 1. 1. 1. 1. 1. 1. 1. 1. 1. 1. 1. 1. 1. 1. 1. 1. 1. 1. 1. 1.
 1. 1. 1. 1. 1. 1. 1. 1. 1. 1. 1. 1. 1. 1. 1. 1. 1. 1. 1. 1. 1. 1. 1. 1.
 1. 1. 1. 1. 1. 1. 1. 1. 1. 1. 1. 1. 1. 1. 1. 1. 1. 1. 1. 1. 1. 1. 1. 1.
 1. 1. 1. 1. 1. 1. 1. 1. 1. 1. 1. 1. 1. 1. 1. 1. 1. 1. 1. 1. 1. 1. 1. 1.
 1. 1. 1. 1.]
Mean recall: 1.0
Dev: 0.0


RF_mix_KM Cross-Validation Results recall:
 [0.93333333 1.         0.93333333 1.         1.         1.
 1.         1.         1.         1.         1.         1.
 1.         0.93333333 1.         1.         1.         0.86666667
 1.         1.         0.93333333 1.         1.         1.
 1.         1.         0.93333333 0.93333333 1.         1.
 1.         1.         1.         1.         0.93333333 0.86666667
 0.93333333 1.         1.         1.         1.         1.
 0.93333333 1.         1.         1.         1.         1.
 1.         0.93333333 1.         1.         1.         1.
 1.         1.         0.93333333 1.         0.93333333 1.
 1.         1.         0.93333333 0.93333333 1.         1.
 1.         1.         1.         1.         1.         1.
 1.         1.         1.         1.         0.93333333 0.93333333
 1.         1.         1.         0.9375     1.         1.
 0.93333333 1.         1.         1.         1.         0.93333333
 1.         0.9375     1.         1.         1.         1.
 0.93333333 1.         1.         1.        ]
Mean recall: 0.9834166666666667
Dev: 0.03167203901796592


RF_smote_KM Cross-Validation Results recall:
 [0.93333333 1.         0.93333333 1.         1.         1.
 1.         1.         1.         1.         1.         1.
 1.         0.93333333 1.         1.         1.         0.93333333
 1.         1.         1.         1.         1.         1.
 1.         1.         0.93333333 0.93333333 1.         1.
 1.         1.         1.         1.         1.         0.93333333
 0.93333333 1.         1.         1.         1.         1.
 0.93333333 1.         1.         1.         1.         1.
 1.         0.93333333 1.         1.         1.         1.
 1.         1.         0.93333333 1.         0.93333333 1.
 1.         1.         0.93333333 0.93333333 1.         1.
 1.         1.         1.         1.         1.         1.
 1.         0.93333333 1.         1.         0.93333333 0.93333333
 1.         1.         1.         0.9375     1.         1.
 1.         1.         1.         1.         1.         0.93333333
 1.         0.9375     1.         1.         1.         1.
 0.93333333 1.         1.         1.        ]
Mean recall: 0.9860833333333335
Dev: 0.026998070918740343


RF_GAN_KM Cross-Validation Results recall:
 [1.         1.         0.93333333 1.         1.         1.
 1.         1.         1.         1.         1.         1.
 1.         0.93333333 1.         1.         1.         0.93333333
 1.         1.         1.         1.         1.         1.
 1.         1.         0.93333333 0.93333333 1.         1.
 1.         1.         1.         1.         1.         0.93333333
 1.         1.         1.         1.         1.         1.
 0.93333333 1.         1.         1.         1.         1.
 1.         0.93333333 1.         1.         0.93333333 1.
 1.         1.         0.93333333 1.         1.         1.
 1.         1.         0.93333333 0.93333333 1.         1.
 1.         1.         1.         1.         1.         1.
 1.         1.         1.         1.         1.         0.93333333
 1.         1.         1.         0.9375     1.         1.
 1.         1.         1.         1.         1.         0.93333333
 1.         0.9375     1.         1.         1.         1.
 0.93333333 1.         1.         1.        ]
Mean recall: 0.9887500000000001
Dev: 0.024864214579726148


RF_borderline_KM Cross-Validation Results recall:
 [0.93333333 1.         0.93333333 1.         1.         1.
 1.         1.         1.         0.93333333 1.         1.
 1.         0.93333333 1.         1.         1.         0.93333333
 1.         1.         1.         1.         1.         1.
 1.         1.         0.93333333 0.93333333 1.         1.
 1.         1.         0.93333333 1.         1.         0.93333333
 0.93333333 1.         1.         1.         1.         1.
 0.93333333 1.         1.         0.93333333 1.         1.
 1.         0.93333333 1.         1.         1.         1.
 1.         1.         0.93333333 1.         0.93333333 1.
 1.         1.         0.86666667 0.93333333 1.         1.
 1.         1.         1.         1.         1.         1.
 1.         1.         1.         1.         0.93333333 0.93333333
 1.         1.         1.         0.9375     1.         1.
 1.         1.         0.93333333 1.         1.         0.93333333
 1.         0.875      1.         1.         1.         1.
 0.93333333 1.         1.         1.        ]
Mean recall: 0.9827916666666668
Dev: 0.03178516753141313


RF_mix_CC Cross-Validation Results recall:
 [1.         1.         1.         1.         1.         1.
 1.         1.         0.86666667 1.         1.         1.
 1.         1.         0.93333333 1.         1.         1.
 1.         1.         1.         1.         1.         1.
 1.         1.         1.         1.         1.         1.
 1.         1.         1.         0.93333333 1.         1.
 0.93333333 1.         1.         1.         1.         1.
 0.93333333 1.         1.         1.         1.         1.
 1.         1.         0.93333333 1.         1.         1.
 1.         1.         1.         1.         1.         0.93333333
 1.         1.         1.         1.         1.         1.
 1.         1.         0.93333333 1.         0.93333333 1.
 0.93333333 1.         1.         1.         1.         1.
 1.         1.         1.         1.         1.         1.
 1.         1.         1.         1.         1.         1.
 1.         1.         0.93333333 1.         1.         1.
 1.         1.         1.         1.        ]
Mean recall: 0.992
Dev: 0.023626726862225802


RF_smote_CC Cross-Validation Results recall:
 [1.         1.         1.         1.         1.         1.
 0.93333333 1.         1.         0.93333333 1.         1.
 0.93333333 1.         1.         1.         1.         1.
 1.         1.         1.         1.         0.93333333 1.
 1.         0.93333333 1.         1.         1.         1.
 1.         1.         1.         1.         1.         1.
 1.         0.93333333 1.         1.         1.         1.
 1.         1.         0.93333333 1.         1.         1.
 1.         1.         1.         1.         0.93333333 1.
 1.         1.         1.         1.         1.         1.
 1.         1.         1.         1.         1.         1.
 1.         1.         1.         0.93333333 1.         1.
 1.         1.         1.         1.         1.         0.93333333
 1.         1.         1.         1.         1.         1.
 1.         1.         0.93333333 1.         1.         1.
 1.         1.         1.         0.93333333 1.         1.
 1.         1.         1.         1.        ]
Mean recall: 0.992
Dev: 0.021664102412362555


RF_GAN_CC Cross-Validation Results recall:
 [0.93333333 1.         1.         1.         0.93333333 0.93333333
 0.93333333 1.         1.         1.         1.         1.
 0.86666667 1.         1.         0.86666667 1.         1.
 1.         1.         1.         0.9375     1.         1.
 1.         0.93333333 1.         1.         1.         0.93333333
 1.         1.         1.         1.         1.         1.
 0.93333333 1.         1.         0.86666667 0.93333333 1.
 1.         1.         1.         0.93333333 1.         1.
 1.         0.93333333 1.         0.875      1.         0.93333333
 1.         1.         1.         0.93333333 1.         1.
 1.         1.         1.         1.         1.         1.
 1.         1.         0.8        1.         0.93333333 1.
 1.         1.         1.         1.         1.         1.
 1.         0.93333333 0.8        1.         0.93333333 1.
 1.         1.         1.         0.93333333 1.         1.
 1.         1.         0.93333333 1.         0.93333333 0.93333333
 1.         1.         1.         0.93333333]
Mean recall: 0.9767916666666667
Dev: 0.04334637223702937


RF_borderline_CC Cross-Validation Results recall:
 [0.93333333 1.         1.         1.         1.         1.
 1.         0.93333333 1.         1.         0.93333333 1.
 1.         1.         1.         1.         1.         1.
 1.         1.         1.         0.9375     1.         1.
 1.         1.         1.         1.         1.         1.
 1.         1.         1.         1.         1.         0.93333333
 0.93333333 1.         1.         1.         1.         0.9375
 1.         1.         1.         1.         1.         1.
 1.         1.         1.         1.         1.         1.
 1.         1.         1.         0.93333333 1.         1.
 0.93333333 1.         1.         1.         1.         1.
 1.         1.         1.         1.         1.         1.
 0.86666667 1.         1.         1.         1.         1.
 1.         1.         1.         1.         1.         0.93333333
 1.         1.         1.         1.         1.         1.
 1.         1.         1.         1.         1.         1.
 0.93333333 0.93333333 1.         1.        ]
Mean recall: 0.99075
Dev: 0.024794852736449595


XGB_mix_NM Cross-Validation Results recall:
 [1.         0.9375     1.         1.         1.         1.
 1.         1.         1.         1.         1.         1.
 1.         1.         1.         0.93333333 1.         1.
 1.         1.         1.         1.         1.         0.93333333
 1.         1.         1.         1.         1.         1.
 1.         1.         1.         1.         1.         1.
 0.93333333 1.         1.         1.         1.         1.
 1.         1.         1.         1.         1.         0.93333333
 1.         1.         1.         1.         1.         1.
 1.         1.         1.         1.         1.         0.93333333
 1.         1.         0.93333333 1.         1.         1.
 1.         1.         1.         1.         1.         1.
 0.93333333 0.93333333 1.         1.         1.         1.
 1.         1.         1.         1.         1.         0.93333333
 1.         1.         1.         1.         1.         0.93333333
 1.         1.         1.         0.93333333 1.         0.93333333
 1.         1.         1.         1.        ]
Mean recall: 0.991375
Dev: 0.022316030299614962


XGB_smote_NM Cross-Validation Results recall:
 [1.     1.     1.     1.     1.     1.     1.     1.     1.     1.
 1.     0.9375 1.     1.     1.     1.     1.     1.     1.     1.
 1.     1.     1.     1.     1.     1.     1.     1.     1.     1.
 1.     1.     1.     1.     1.     1.     1.     1.     1.     1.
 1.     1.     1.     1.     1.     1.     1.     1.     1.     1.
 1.     1.     1.     1.     1.     1.     1.     1.     1.     1.
 1.     1.     1.     1.     1.     1.     1.     1.     1.     1.
 1.     1.     1.     1.     1.     1.     1.     1.     1.     1.
 1.     1.     1.     1.     1.     1.     1.     1.     1.     1.
 1.     1.     1.     1.     1.     1.     1.     1.     1.     1.    ]
Mean recall: 0.999375
Dev: 0.006218671481916374


XGB_GAN_NM Cross-Validation Results recall:
 [1.         1.         0.93333333 0.93333333 1.         1.
 1.         0.93333333 1.         1.         1.         0.875
 1.         1.         0.93333333 1.         1.         1.
 1.         1.         1.         1.         0.93333333 1.
 0.86666667 1.         1.         1.         0.93333333 1.
 0.93333333 1.         1.         0.93333333 1.         1.
 1.         1.         0.93333333 1.         1.         1.
 0.93333333 0.93333333 1.         1.         0.93333333 1.
 0.86666667 1.         0.93333333 1.         1.         1.
 1.         1.         1.         1.         1.         0.86666667
 1.         1.         1.         1.         1.         0.93333333
 1.         1.         1.         0.86666667 1.         0.9375
 0.86666667 0.93333333 1.         1.         1.         1.
 1.         1.         1.         1.         1.         0.93333333
 0.93333333 1.         1.         1.         1.         1.
 0.93333333 1.         1.         0.86666667 1.         1.
 1.         0.93333333 1.         1.        ]
Mean recall: 0.9774583333333333
Dev: 0.03997870526918048


XGB_borderline_NM Cross-Validation Results recall:
 [1.         0.9375     1.         1.         1.         1.
 1.         1.         1.         1.         1.         1.
 1.         1.         1.         1.         0.93333333 1.
 1.         1.         1.         1.         1.         1.
 1.         0.93333333 1.         1.         1.         1.
 1.         1.         1.         1.         1.         1.
 1.         1.         1.         1.         1.         1.
 1.         0.93333333 1.         1.         1.         1.
 1.         1.         1.         1.         0.93333333 1.
 1.         1.         1.         1.         1.         1.
 1.         0.9375     1.         1.         1.         1.
 1.         1.         1.         1.         1.         1.
 1.         0.93333333 1.         1.         1.         1.
 1.         1.         1.         1.         1.         1.
 1.         1.         0.93333333 1.         1.         1.
 1.         1.         1.         1.         1.         1.
 1.         1.         1.         1.        ]
Mean recall: 0.9947499999999999
Dev: 0.017810928293232404


XGB_mix_KM Cross-Validation Results recall:
 [0.93333333 1.         0.93333333 1.         1.         1.
 1.         1.         1.         1.         1.         1.
 1.         0.93333333 1.         1.         1.         0.93333333
 1.         0.93333333 0.93333333 1.         1.         1.
 1.         1.         0.93333333 0.93333333 1.         1.
 1.         1.         1.         1.         1.         0.93333333
 0.93333333 1.         1.         1.         0.93333333 1.
 0.93333333 1.         1.         1.         1.         1.
 1.         0.93333333 1.         1.         1.         1.
 1.         1.         0.93333333 0.93333333 0.93333333 1.
 1.         0.9375     0.93333333 0.93333333 1.         1.
 1.         1.         1.         1.         1.         1.
 1.         0.86666667 1.         1.         0.93333333 0.86666667
 1.         1.         1.         0.9375     1.         0.93333333
 0.93333333 0.93333333 1.         1.         1.         0.93333333
 1.         0.9375     1.         1.         0.93333333 1.
 0.93333333 1.         1.         1.        ]
Mean recall: 0.9787916666666667
Dev: 0.03367581868179136


XGB_smote_KM Cross-Validation Results recall:
 [0.93333333 0.9375     1.         1.         1.         1.
 1.         1.         1.         1.         1.         0.9375
 1.         1.         1.         1.         1.         0.93333333
 1.         1.         0.93333333 1.         1.         1.
 1.         1.         0.93333333 1.         1.         1.
 1.         1.         1.         0.93333333 1.         1.
 0.93333333 1.         1.         1.         1.         1.
 1.         1.         0.93333333 1.         1.         1.
 1.         0.93333333 1.         1.         1.         1.
 0.93333333 1.         1.         1.         0.93333333 1.
 1.         1.         0.93333333 0.93333333 1.         1.
 1.         0.93333333 1.         1.         1.         1.
 1.         0.86666667 1.         1.         1.         0.93333333
 1.         1.         1.         0.9375     1.         0.93333333
 1.         1.         1.         1.         1.         1.
 1.         0.9375     1.         1.         1.         0.93333333
 1.         1.         1.         1.        ]
Mean recall: 0.9855000000000002
Dev: 0.028894443910359106


XGB_GAN_KM Cross-Validation Results recall:
 [0.93333333 1.         1.         1.         1.         0.93333333
 1.         1.         1.         1.         1.         1.
 1.         1.         1.         1.         1.         0.93333333
 1.         0.93333333 0.93333333 1.         1.         1.
 1.         1.         0.93333333 1.         1.         1.
 1.         1.         1.         1.         0.93333333 1.
 0.93333333 1.         1.         1.         0.93333333 1.
 1.         1.         1.         1.         1.         1.
 1.         0.93333333 1.         1.         1.         1.
 1.         1.         1.         0.93333333 0.93333333 1.
 1.         0.9375     0.93333333 0.93333333 1.         1.
 1.         1.         1.         1.         1.         1.
 1.         1.         1.         1.         1.         0.86666667
 1.         1.         1.         0.9375     1.         1.
 0.93333333 1.         1.         1.         1.         0.93333333
 1.         0.9375     1.         1.         0.93333333 1.
 1.         1.         1.         1.        ]
Mean recall: 0.9854583333333334
Dev: 0.028966545598135943


XGB_borderline_KM Cross-Validation Results recall:
 [0.93333333 0.9375     0.93333333 1.         1.         1.
 1.         1.         1.         0.93333333 0.93333333 1.
 1.         0.93333333 1.         1.         1.         0.93333333
 1.         1.         0.93333333 1.         1.         1.
 1.         1.         0.86666667 0.93333333 1.         1.
 0.93333333 1.         1.         0.93333333 1.         0.93333333
 0.93333333 1.         1.         1.         1.         1.
 0.93333333 1.         1.         1.         1.         1.
 1.         0.93333333 1.         0.9375     1.         1.
 0.93333333 1.         0.93333333 1.         0.93333333 1.
 1.         1.         0.93333333 0.93333333 1.         0.93333333
 1.         0.93333333 1.         1.         1.         1.
 1.         0.86666667 1.         1.         0.93333333 0.93333333
 1.         1.         1.         0.9375     0.93333333 1.
 1.         1.         1.         1.         1.         0.93333333
 1.         0.9375     1.         0.93333333 1.         0.93333333
 0.93333333 1.         1.         1.        ]
Mean recall: 0.9761666666666667
Dev: 0.034470599388786695


XGB_mix_CC Cross-Validation Results recall:
 [1.         1.         1.         1.         1.         1.
 1.         0.93333333 0.93333333 1.         1.         1.
 1.         1.         0.86666667 1.         0.93333333 1.
 1.         1.         1.         1.         1.         1.
 1.         1.         1.         0.93333333 0.93333333 0.93333333
 1.         1.         1.         0.86666667 1.         0.93333333
 1.         1.         1.         1.         1.         1.
 0.93333333 0.93333333 1.         1.         0.93333333 1.
 1.         1.         1.         1.         0.93333333 1.
 1.         1.         1.         0.93333333 1.         1.
 1.         1.         1.         1.         1.         0.73333333
 1.         1.         0.93333333 1.         1.         0.9375
 0.93333333 1.         1.         1.         1.         1.
 1.         0.93333333 1.         1.         1.         1.
 0.93333333 0.93333333 1.         1.         1.         1.
 0.93333333 1.         0.93333333 1.         1.         1.
 0.86666667 0.93333333 1.         1.        ]
Mean recall: 0.979375
Dev: 0.04179719139288348


XGB_smote_CC Cross-Validation Results recall:
 [1.         1.         1.         1.         1.         1.
 0.86666667 1.         1.         0.93333333 1.         1.
 0.93333333 1.         1.         1.         1.         1.
 1.         1.         1.         1.         1.         1.
 1.         0.93333333 1.         1.         1.         1.
 1.         1.         1.         1.         1.         1.
 1.         0.93333333 1.         1.         1.         1.
 1.         1.         0.93333333 1.         1.         1.
 1.         1.         1.         1.         0.93333333 1.
 1.         1.         1.         1.         1.         1.
 1.         1.         1.         1.         1.         1.
 1.         1.         1.         0.93333333 1.         1.
 1.         1.         1.         1.         1.         0.93333333
 1.         1.         1.         1.         1.         1.
 1.         1.         0.93333333 1.         1.         1.
 1.         1.         1.         0.93333333 1.         1.
 1.         1.         1.         1.        ]
Mean recall: 0.992
Dev: 0.023626726862225802


XGB_GAN_CC Cross-Validation Results recall:
 [0.93333333 1.         1.         1.         0.93333333 0.93333333
 1.         1.         1.         1.         1.         1.
 0.93333333 1.         1.         0.93333333 1.         1.
 1.         1.         1.         0.9375     1.         1.
 1.         0.93333333 1.         1.         1.         0.93333333
 1.         0.9375     1.         1.         1.         1.
 0.93333333 1.         1.         0.93333333 1.         1.
 1.         1.         0.93333333 0.93333333 1.         1.
 1.         1.         1.         0.9375     1.         0.93333333
 1.         1.         1.         0.93333333 1.         1.
 1.         1.         0.93333333 1.         1.         1.
 1.         1.         0.8        1.         1.         0.9375
 0.93333333 1.         1.         1.         1.         1.
 1.         1.         0.86666667 1.         1.         1.
 1.         1.         1.         1.         0.93333333 1.
 1.         1.         1.         1.         0.93333333 0.93333333
 1.         1.         1.         0.93333333]
Mean recall: 0.9815
Dev: 0.035159951965584677


XGB_borderline_CC Cross-Validation Results recall:
 [0.93333333 1.         1.         1.         1.         1.
 1.         0.93333333 1.         1.         0.93333333 1.
 1.         1.         1.         1.         1.         1.
 1.         1.         1.         0.9375     1.         1.
 1.         1.         1.         1.         1.         1.
 1.         1.         1.         1.         1.         1.
 0.93333333 1.         1.         1.         1.         0.9375
 1.         1.         1.         1.         1.         1.
 1.         1.         1.         1.         1.         1.
 1.         1.         1.         0.93333333 1.         1.
 0.93333333 1.         1.         1.         1.         1.
 1.         1.         1.         1.         1.         1.
 0.93333333 1.         1.         1.         1.         1.
 1.         1.         1.         0.9375     1.         0.93333333
 1.         1.         1.         1.         1.         1.
 1.         1.         1.         1.         1.         1.
 0.93333333 1.         1.         1.        ]
Mean recall: 0.992125
Dev: 0.02133475743944608


XGBRF_mix_NM Cross-Validation Results recall:
 [1.         0.9375     1.         1.         1.         1.
 1.         1.         1.         1.         1.         1.
 1.         1.         1.         0.93333333 1.         1.
 1.         1.         1.         1.         1.         0.93333333
 1.         1.         1.         1.         1.         1.
 1.         1.         1.         1.         1.         1.
 0.93333333 1.         1.         1.         1.         1.
 1.         1.         1.         1.         1.         0.93333333
 1.         1.         1.         1.         1.         1.
 1.         1.         1.         1.         1.         0.93333333
 1.         1.         0.93333333 1.         1.         1.
 1.         1.         1.         1.         1.         1.
 1.         0.93333333 1.         1.         1.         1.
 1.         1.         1.         1.         1.         1.
 1.         1.         1.         1.         1.         0.93333333
 1.         1.         1.         0.93333333 1.         1.
 1.         1.         1.         1.        ]
Mean recall: 0.993375
Dev: 0.01987893042897429


XGBRF_smote_NM Cross-Validation Results recall:
 [1. 1. 1. 1. 1. 1. 1. 1. 1. 1. 1. 1. 1. 1. 1. 1. 1. 1. 1. 1. 1. 1. 1. 1.
 1. 1. 1. 1. 1. 1. 1. 1. 1. 1. 1. 1. 1. 1. 1. 1. 1. 1. 1. 1. 1. 1. 1. 1.
 1. 1. 1. 1. 1. 1. 1. 1. 1. 1. 1. 1. 1. 1. 1. 1. 1. 1. 1. 1. 1. 1. 1. 1.
 1. 1. 1. 1. 1. 1. 1. 1. 1. 1. 1. 1. 1. 1. 1. 1. 1. 1. 1. 1. 1. 1. 1. 1.
 1. 1. 1. 1.]
Mean recall: 1.0
Dev: 0.0


XGBRF_GAN_NM Cross-Validation Results recall:
 [1.         1.         1.         1.         1.         1.
 1.         1.         1.         1.         1.         1.
 1.         1.         0.93333333 1.         1.         1.
 1.         1.         1.         1.         1.         1.
 1.         1.         1.         1.         1.         1.
 0.93333333 1.         1.         0.93333333 1.         1.
 1.         1.         1.         1.         1.         1.
 0.93333333 1.         1.         1.         1.         1.
 1.         1.         1.         1.         1.         1.
 1.         1.         1.         1.         1.         1.
 1.         1.         1.         1.         1.         0.93333333
 1.         1.         1.         1.         1.         1.
 0.93333333 1.         1.         1.         1.         1.
 1.         1.         1.         1.         1.         1.
 1.         0.93333333 1.         1.         1.         1.
 0.93333333 1.         1.         1.         1.         1.
 1.         1.         1.         1.        ]
Mean recall: 0.9946666666666667
Dev: 0.01808621328833404


XGBRF_borderline_NM Cross-Validation Results recall:
 [1.         0.9375     1.         1.         1.         1.
 1.         1.         1.         1.         1.         1.
 1.         1.         1.         1.         0.93333333 1.
 1.         1.         1.         1.         1.         1.
 1.         0.93333333 1.         1.         1.         1.
 1.         1.         1.         1.         0.93333333 1.
 1.         1.         1.         1.         1.         1.
 1.         0.93333333 1.         1.         1.         1.
 1.         1.         1.         1.         0.93333333 1.
 1.         1.         1.         1.         1.         1.
 1.         0.9375     1.         1.         1.         1.
 1.         1.         1.         1.         1.         1.
 1.         0.93333333 1.         1.         1.         1.
 1.         1.         1.         1.         1.         1.
 1.         1.         0.93333333 1.         1.         1.
 1.         1.         1.         1.         1.         1.
 1.         1.         1.         0.93333333]
Mean recall: 0.9934166666666667
Dev: 0.019757031097251875


XGBRF_mix_KM Cross-Validation Results recall:
 [0.93333333 0.9375     0.93333333 1.         1.         0.93333333
 1.         1.         1.         0.93333333 0.93333333 0.9375
 1.         0.93333333 1.         1.         1.         0.93333333
 1.         0.86666667 0.86666667 1.         1.         1.
 1.         1.         0.86666667 0.93333333 1.         1.
 0.93333333 1.         1.         0.93333333 0.93333333 0.93333333
 0.93333333 1.         1.         1.         0.93333333 1.
 0.86666667 1.         0.93333333 1.         1.         1.
 1.         0.93333333 1.         0.9375     1.         1.
 0.93333333 1.         0.93333333 0.93333333 0.93333333 1.
 1.         0.9375     0.93333333 0.93333333 1.         0.93333333
 1.         0.93333333 1.         1.         1.         1.
 1.         0.86666667 1.         1.         0.93333333 0.86666667
 1.         1.         1.         0.9375     0.93333333 0.93333333
 0.93333333 1.         1.         1.         1.         0.93333333
 1.         0.9375     1.         0.93333333 0.93333333 0.93333333
 0.93333333 1.         1.         1.        ]
Mean recall: 0.9662500000000002
Dev: 0.04035648440255088


XGBRF_smote_KM Cross-Validation Results recall:
 [0.93333333 0.9375     0.93333333 1.         1.         1.
 1.         1.         1.         0.93333333 0.93333333 0.9375
 1.         0.93333333 1.         1.         1.         0.86666667
 1.         1.         0.93333333 1.         1.         1.
 1.         1.         0.86666667 0.93333333 1.         0.93333333
 0.93333333 1.         0.93333333 0.93333333 1.         0.93333333
 0.93333333 1.         1.         1.         1.         1.
 0.86666667 1.         0.93333333 1.         1.         1.
 1.         0.93333333 1.         0.9375     1.         1.
 0.93333333 1.         0.93333333 1.         0.93333333 1.
 1.         1.         0.86666667 0.93333333 1.         0.93333333
 1.         0.93333333 1.         1.         1.         1.
 1.         0.86666667 1.         0.93333333 0.93333333 0.93333333
 1.         1.         1.         0.9375     0.93333333 0.93333333
 1.         1.         0.93333333 1.         1.         0.93333333
 1.         0.9375     1.         0.93333333 1.         0.93333333
 0.93333333 1.         1.         1.        ]
Mean recall: 0.9695416666666667
Dev: 0.039169747219279086


XGBRF_GAN_KM Cross-Validation Results recall:
 [0.93333333 1.         0.93333333 0.93333333 1.         0.86666667
 1.         1.         1.         0.93333333 1.         1.
 1.         0.86666667 1.         1.         1.         0.93333333
 0.93333333 0.86666667 0.73333333 1.         0.93333333 1.
 1.         1.         0.93333333 1.         1.         1.
 1.         1.         1.         1.         0.93333333 1.
 0.93333333 1.         0.93333333 1.         0.93333333 1.
 1.         0.93333333 0.93333333 1.         0.93333333 1.
 1.         0.93333333 0.93333333 1.         1.         1.
 0.93333333 1.         1.         0.93333333 0.93333333 0.93333333
 1.         0.9375     0.8        0.93333333 1.         1.
 1.         0.93333333 0.93333333 1.         0.93333333 1.
 0.93333333 1.         1.         1.         1.         0.86666667
 1.         1.         1.         0.9375     1.         1.
 0.93333333 1.         0.93333333 1.         1.         1.
 1.         0.9375     1.         1.         0.93333333 1.
 1.         1.         1.         1.        ]
Mean recall: 0.9687916666666666
Dev: 0.047479875122694526


XGBRF_borderline_KM Cross-Validation Results recall:
 [0.93333333 0.9375     0.93333333 1.         1.         1.
 1.         1.         1.         0.86666667 1.         0.9375
 1.         0.93333333 1.         1.         1.         0.86666667
 1.         1.         0.93333333 1.         1.         1.
 1.         1.         0.86666667 0.93333333 1.         0.93333333
 1.         1.         0.93333333 0.93333333 1.         0.93333333
 0.93333333 1.         1.         1.         1.         1.
 0.86666667 1.         0.93333333 0.93333333 1.         1.
 1.         0.93333333 0.93333333 0.9375     1.         1.
 0.93333333 1.         0.93333333 1.         0.93333333 1.
 1.         1.         0.86666667 0.93333333 1.         0.93333333
 1.         0.93333333 1.         1.         1.         1.
 1.         0.86666667 1.         0.93333333 0.93333333 0.93333333
 1.         1.         1.         0.9375     1.         0.93333333
 1.         1.         0.93333333 1.         1.         0.93333333
 1.         0.875      1.         0.93333333 1.         0.93333333
 0.93333333 1.         1.         1.        ]
Mean recall: 0.9689166666666668
Dev: 0.041253871872158177


XGBRF_mix_CC Cross-Validation Results recall:
 [1.         1.         1.         1.         1.         1.
 1.         0.93333333 1.         1.         0.93333333 1.
 1.         1.         0.93333333 1.         1.         1.
 1.         1.         1.         0.9375     1.         1.
 1.         1.         1.         1.         1.         1.
 1.         1.         1.         1.         1.         0.93333333
 1.         1.         1.         1.         1.         0.9375
 0.93333333 0.93333333 1.         1.         1.         1.
 1.         1.         1.         1.         0.93333333 1.
 1.         1.         1.         1.         1.         0.93333333
 1.         1.         1.         1.         1.         0.8
 1.         1.         1.         1.         1.         0.9375
 0.93333333 1.         1.         1.         1.         1.
 1.         1.         1.         1.         1.         1.
 0.93333333 0.93333333 1.         1.         1.         1.
 1.         1.         1.         1.         1.         1.
 0.93333333 1.         1.         0.93333333]
Mean recall: 0.9874583333333335
Dev: 0.03062142836315771


XGBRF_smote_CC Cross-Validation Results recall:
 [1.         0.9375     1.         1.         1.         1.
 1.         1.         1.         0.93333333 1.         1.
 0.86666667 1.         1.         1.         1.         0.86666667
 1.         1.         1.         1.         1.         1.
 1.         0.93333333 1.         1.         1.         1.
 1.         1.         1.         1.         1.         1.
 1.         0.93333333 1.         1.         1.         1.
 1.         1.         0.93333333 1.         1.         1.
 1.         1.         0.93333333 1.         0.86666667 1.
 1.         1.         1.         1.         1.         1.
 1.         1.         1.         1.         1.         1.
 1.         1.         1.         0.93333333 1.         1.
 1.         1.         1.         1.         1.         0.86666667
 1.         1.         1.         1.         1.         1.
 1.         0.93333333 0.93333333 1.         0.93333333 1.
 1.         1.         1.         0.93333333 1.         1.
 1.         1.         0.93333333 1.        ]
Mean recall: 0.9867083333333335
Dev: 0.03259438751107654


XGBRF_GAN_CC Cross-Validation Results recall:
 [1.         1.         1.         1.         0.93333333 1.
 1.         1.         1.         1.         1.         1.
 1.         1.         1.         0.86666667 1.         1.
 1.         1.         1.         1.         1.         1.
 1.         0.93333333 1.         1.         1.         0.93333333
 1.         1.         1.         1.         1.         1.
 1.         1.         1.         0.93333333 0.93333333 1.
 1.         1.         0.93333333 0.93333333 1.         1.
 1.         0.93333333 1.         0.9375     1.         1.
 1.         1.         1.         0.93333333 1.         1.
 1.         1.         0.93333333 1.         1.         1.
 1.         1.         0.8        1.         1.         0.9375
 0.93333333 1.         1.         1.         1.         1.
 1.         0.93333333 0.93333333 1.         1.         1.
 1.         1.         1.         1.         1.         1.
 1.         1.         1.         1.         1.         0.93333333
 1.         1.         1.         1.        ]
Mean recall: 0.9860833333333335
Dev: 0.032931009533400106


XGBRF_borderline_CC Cross-Validation Results recall:
 [1.         1.         1.         1.         1.         1.
 1.         0.93333333 1.         1.         0.93333333 1.
 1.         1.         1.         1.         1.         1.
 1.         1.         1.         0.9375     1.         1.
 1.         1.         1.         1.         1.         1.
 1.         1.         1.         1.         1.         1.
 0.93333333 1.         1.         1.         1.         0.9375
 1.         1.         1.         1.         1.         1.
 1.         1.         1.         1.         1.         1.
 1.         1.         1.         0.93333333 1.         1.
 0.93333333 1.         1.         1.         1.         1.
 1.         1.         1.         1.         1.         1.
 0.93333333 1.         1.         1.         1.         1.
 1.         1.         1.         1.         1.         0.93333333
 1.         1.         1.         1.         1.         1.
 1.         1.         1.         1.         1.         1.
 0.93333333 1.         1.         1.        ]
Mean recall: 0.9934166666666667
Dev: 0.019757031097251875


