LR_mix_NM Cross-Validation Results accuracy:
 [0.93548387 0.96774194 1.         0.96666667 0.96666667 1.
 0.93333333 0.96666667 0.93333333 0.96666667 1.         0.96774194
 0.96666667 1.         0.96666667 0.96666667 1.         0.96666667
 0.96666667 0.93333333 1.         0.93548387 0.96666667 0.93333333
 1.         0.93333333 1.         0.96666667 0.96666667 1.
 1.         1.         0.96666667 0.96666667 0.96666667 0.93333333
 0.93333333 0.96666667 0.96666667 0.96666667 0.96774194 0.93548387
 1.         0.9        0.96666667 0.96666667 1.         0.96666667
 0.96666667 0.96666667 0.96774194 1.         0.93333333 0.93333333
 1.         0.96666667 1.         0.96666667 1.         0.9
 0.90322581 1.         0.96666667 0.96666667 0.93333333 1.
 0.96666667 0.9        1.         1.         1.         0.96774194
 1.         0.96666667 0.96666667 0.9        0.96666667 0.96666667
 1.         1.         1.         1.         1.         0.93333333
 0.96666667 1.         0.9        0.96666667 0.96666667 0.96666667
 1.         0.96774194 1.         0.96666667 0.93333333 0.93333333
 0.96666667 1.         0.96666667 0.96666667]
Mean accuracy: 0.9681612903225806
Dev: 0.0280976177710397


LR_smote_NM Cross-Validation Results accuracy:
 [0.93548387 1.         0.96666667 0.96666667 0.96666667 1.
 0.96666667 1.         0.93333333 0.96666667 1.         0.93548387
 0.96666667 1.         0.96666667 1.         1.         0.96666667
 0.96666667 0.93333333 1.         0.93548387 0.96666667 0.93333333
 1.         0.96666667 1.         0.96666667 0.96666667 0.96666667
 1.         1.         0.96666667 0.96666667 0.96666667 0.96666667
 0.96666667 0.93333333 1.         0.93333333 0.96774194 0.96774194
 1.         0.93333333 0.93333333 0.96666667 1.         1.
 1.         0.96666667 0.93548387 1.         0.93333333 0.96666667
 1.         0.96666667 1.         1.         1.         0.93333333
 0.96774194 1.         0.93333333 0.96666667 0.96666667 1.
 0.96666667 0.9        1.         1.         1.         0.96774194
 0.96666667 1.         0.96666667 0.96666667 0.96666667 0.96666667
 1.         1.         1.         1.         1.         0.96666667
 0.96666667 1.         0.93333333 0.93333333 0.93333333 1.
 1.         0.96774194 1.         1.         0.93333333 0.9
 0.96666667 1.         1.         0.96666667]
Mean accuracy: 0.9728064516129032
Dev: 0.02627059972209149


LR_GAN_NM Cross-Validation Results accuracy:
 [0.90322581 0.93548387 0.96666667 0.96666667 0.93333333 0.93333333
 0.96666667 0.93333333 1.         0.96666667 1.         0.93548387
 0.93333333 0.93333333 0.96666667 1.         1.         0.93333333
 0.86666667 0.9        0.93548387 0.93548387 0.93333333 0.93333333
 0.96666667 0.93333333 0.96666667 0.9        0.96666667 0.96666667
 0.93548387 0.90322581 0.93333333 0.96666667 0.83333333 0.93333333
 0.93333333 0.96666667 1.         0.93333333 0.96774194 0.96774194
 1.         0.9        0.96666667 0.96666667 0.93333333 0.93333333
 0.9        0.96666667 1.         0.93548387 0.86666667 0.96666667
 0.96666667 0.93333333 0.9        0.93333333 1.         0.83333333
 0.90322581 0.96774194 0.93333333 0.96666667 0.93333333 1.
 0.9        0.83333333 1.         0.93333333 0.96774194 0.87096774
 0.93333333 1.         0.93333333 0.9        0.96666667 0.96666667
 0.96666667 0.9        1.         0.93548387 0.93333333 0.93333333
 0.93333333 0.96666667 0.9        0.93333333 0.96666667 0.93333333
 1.         0.96774194 1.         0.9        0.9        0.93333333
 0.9        0.96666667 0.93333333 0.96666667]
Mean accuracy: 0.9426774193548388
Dev: 0.03807110537706712


LR_borderline_NM Cross-Validation Results accuracy:
 [0.93548387 1.         1.         0.96666667 0.96666667 1.
 0.96666667 1.         0.93333333 1.         1.         1.
 0.96666667 1.         0.96666667 1.         1.         0.93333333
 0.96666667 0.93333333 1.         0.93548387 0.96666667 0.96666667
 1.         0.96666667 1.         1.         0.96666667 1.
 1.         1.         0.96666667 0.96666667 0.96666667 1.
 0.96666667 0.96666667 0.96666667 0.96666667 1.         1.
 1.         0.93333333 0.96666667 0.96666667 1.         1.
 1.         0.93333333 0.96774194 1.         0.93333333 0.96666667
 1.         1.         1.         0.96666667 1.         0.9
 0.90322581 1.         1.         0.96666667 1.         1.
 0.96666667 0.9        1.         1.         1.         0.96774194
 1.         1.         0.96666667 0.93333333 0.96666667 0.93333333
 1.         1.         1.         1.         1.         0.96666667
 0.96666667 1.         0.93333333 0.96666667 0.96666667 1.
 1.         0.96774194 1.         1.         0.93333333 0.96666667
 0.96666667 1.         0.96666667 0.96666667]
Mean accuracy: 0.9771075268817205
Dev: 0.026365931254277872


LR_mix_KM Cross-Validation Results accuracy:
 [0.90322581 0.87096774 0.96666667 0.96666667 0.86666667 0.93333333
 0.96666667 0.93333333 0.93333333 0.9        0.90322581 0.90322581
 0.96666667 0.96666667 0.96666667 0.93333333 1.         0.9
 0.96666667 0.93333333 0.87096774 1.         0.96666667 0.93333333
 0.93333333 0.96666667 0.93333333 0.93333333 0.9        0.9
 0.96774194 0.87096774 0.9        0.96666667 0.96666667 0.86666667
 0.93333333 0.96666667 0.96666667 0.96666667 0.93548387 0.96774194
 1.         0.96666667 0.86666667 0.93333333 0.93333333 0.93333333
 0.93333333 0.86666667 0.96774194 0.93548387 0.96666667 0.86666667
 0.86666667 1.         0.9        0.93333333 0.9        0.9
 0.96774194 0.96774194 0.9        0.96666667 0.8        0.96666667
 0.9        0.9        0.93333333 0.96666667 0.93548387 0.96774194
 0.93333333 0.9        1.         0.96666667 0.9        0.9
 0.96666667 0.93333333 0.96774194 0.90322581 0.96666667 0.9
 0.86666667 0.96666667 0.96666667 0.96666667 1.         0.83333333
 1.         0.96774194 0.93333333 0.9        0.9        0.9
 0.76666667 0.96666667 0.96666667 1.        ]
Mean accuracy: 0.9327419354838711
Dev: 0.044380963306750655


LR_smote_KM Cross-Validation Results accuracy:
 [1.         0.93548387 0.96666667 0.96666667 0.86666667 0.96666667
 0.96666667 0.96666667 0.96666667 0.93333333 0.96774194 0.93548387
 1.         1.         0.93333333 0.86666667 0.93333333 0.93333333
 1.         0.93333333 0.87096774 1.         0.93333333 0.93333333
 0.96666667 1.         1.         0.96666667 0.93333333 0.96666667
 0.93548387 1.         0.96666667 0.93333333 0.96666667 0.93333333
 0.96666667 0.96666667 0.9        1.         0.96774194 1.
 0.96666667 0.96666667 0.9        0.96666667 0.93333333 0.9
 1.         0.9        1.         0.96774194 0.96666667 0.83333333
 0.9        1.         0.93333333 0.96666667 0.96666667 0.96666667
 1.         0.93548387 1.         1.         0.86666667 1.
 0.96666667 0.93333333 0.9        0.96666667 0.96774194 0.96774194
 0.96666667 0.9        0.93333333 0.96666667 0.93333333 0.9
 0.96666667 0.93333333 1.         0.96774194 0.96666667 0.86666667
 0.86666667 0.96666667 0.96666667 0.96666667 1.         0.96666667
 0.90322581 0.90322581 0.96666667 1.         0.93333333 0.9
 0.93333333 1.         1.         1.        ]
Mean accuracy: 0.9525913978494625
Dev: 0.03932253654059114


LR_GAN_KM Cross-Validation Results accuracy:
 [0.96774194 0.90322581 0.96666667 0.93333333 0.96666667 0.93333333
 0.9        1.         0.86666667 0.96666667 0.87096774 0.96774194
 1.         0.96666667 0.9        0.93333333 0.93333333 0.93333333
 0.96666667 0.9        0.93548387 0.96774194 0.96666667 0.8
 0.93333333 1.         0.93333333 0.9        0.96666667 0.93333333
 0.93548387 0.93548387 0.93333333 1.         0.96666667 0.9
 0.9        0.93333333 0.96666667 1.         0.96774194 0.96774194
 0.96666667 0.96666667 0.86666667 1.         0.93333333 0.86666667
 0.96666667 0.86666667 0.90322581 0.96774194 0.93333333 1.
 0.86666667 0.9        1.         0.93333333 0.9        0.9
 1.         0.87096774 0.93333333 0.93333333 0.9        0.93333333
 0.96666667 1.         0.93333333 0.93333333 0.93548387 1.
 0.93333333 0.9        0.96666667 0.96666667 0.93333333 0.93333333
 1.         0.93333333 1.         0.93548387 0.9        0.86666667
 0.93333333 1.         0.9        0.93333333 0.96666667 1.
 0.96774194 0.96774194 1.         0.96666667 0.93333333 0.96666667
 0.76666667 0.9        0.93333333 0.96666667]
Mean accuracy: 0.9396774193548388
Dev: 0.044165807686723554


LR_borderline_KM Cross-Validation Results accuracy:
 [1.         0.93548387 0.93333333 0.96666667 0.9        0.96666667
 0.96666667 0.96666667 1.         0.93333333 0.90322581 0.93548387
 1.         1.         0.96666667 0.93333333 0.96666667 0.96666667
 0.96666667 0.9        0.90322581 1.         0.93333333 0.96666667
 0.96666667 1.         0.93333333 0.96666667 0.93333333 0.93333333
 0.90322581 0.96774194 0.96666667 0.96666667 0.96666667 0.9
 1.         0.96666667 0.96666667 0.96666667 0.96774194 1.
 1.         0.96666667 0.9        1.         0.9        0.96666667
 1.         0.86666667 1.         1.         0.96666667 0.83333333
 0.9        1.         0.93333333 0.96666667 0.9        0.96666667
 1.         0.93548387 1.         1.         0.86666667 0.96666667
 0.96666667 0.93333333 0.93333333 0.96666667 0.96774194 0.96774194
 0.96666667 0.9        0.96666667 0.96666667 0.93333333 0.96666667
 0.96666667 0.96666667 1.         0.96774194 1.         0.93333333
 0.83333333 0.96666667 0.96666667 0.96666667 1.         0.96666667
 0.93548387 0.96774194 0.96666667 0.96666667 0.93333333 0.9
 0.9        1.         1.         1.        ]
Mean accuracy: 0.9555806451612904
Dev: 0.03790522987152173


LR_mix_CC Cross-Validation Results accuracy:
 [0.96774194 0.93548387 1.         0.86666667 0.9        0.9
 0.9        0.93333333 0.96666667 1.         0.93548387 0.93548387
 0.93333333 1.         0.86666667 1.         0.96666667 0.93333333
 0.9        0.9        0.96774194 0.93548387 0.96666667 0.93333333
 0.96666667 0.93333333 0.93333333 0.9        0.93333333 0.96666667
 0.96774194 1.         0.96666667 0.9        0.86666667 0.9
 0.9        0.9        1.         1.         0.96774194 1.
 0.9        0.9        0.93333333 0.93333333 0.93333333 0.96666667
 0.9        0.96666667 0.96774194 1.         0.9        0.86666667
 0.96666667 0.93333333 0.93333333 1.         1.         0.86666667
 0.93548387 0.96774194 0.96666667 0.96666667 0.86666667 0.86666667
 0.96666667 0.9        0.96666667 0.96666667 0.90322581 0.90322581
 0.96666667 0.96666667 0.93333333 0.96666667 1.         0.96666667
 0.93333333 0.93333333 1.         0.90322581 1.         0.93333333
 0.9        0.86666667 0.93333333 0.9        0.93333333 0.96666667
 0.96774194 0.90322581 0.96666667 0.93333333 0.96666667 0.96666667
 0.96666667 0.9        0.9        0.93333333]
Mean accuracy: 0.9399784946236562
Dev: 0.038982722796259535


LR_smote_CC Cross-Validation Results accuracy:
 [0.96774194 0.96774194 1.         0.96666667 0.96666667 0.93333333
 0.86666667 0.96666667 1.         0.96666667 0.96774194 0.90322581
 0.9        1.         0.96666667 1.         1.         0.9
 1.         0.93333333 0.96774194 0.96774194 0.96666667 0.93333333
 0.96666667 0.86666667 1.         0.93333333 0.93333333 1.
 1.         1.         0.96666667 0.96666667 0.96666667 0.9
 0.9        0.93333333 0.96666667 1.         0.96774194 1.
 0.96666667 1.         0.93333333 0.9        0.93333333 0.93333333
 0.96666667 0.96666667 0.96774194 1.         0.86666667 0.93333333
 1.         0.93333333 0.96666667 1.         0.96666667 0.9
 0.93548387 0.96774194 1.         1.         0.93333333 1.
 0.93333333 0.9        0.96666667 0.96666667 1.         0.93548387
 1.         0.96666667 0.93333333 0.86666667 0.96666667 0.93333333
 1.         0.96666667 1.         0.96774194 1.         0.96666667
 0.96666667 0.93333333 0.86666667 0.9        0.96666667 0.96666667
 1.         0.96774194 0.96666667 0.93333333 0.9        0.93333333
 1.         1.         0.86666667 0.96666667]
Mean accuracy: 0.9565161290322581
Dev: 0.03816774775167716


LR_GAN_CC Cross-Validation Results accuracy:
 [0.93548387 0.90322581 1.         0.96666667 0.9        0.83333333
 0.93333333 0.93333333 1.         1.         0.96774194 0.90322581
 0.86666667 0.96666667 1.         0.93333333 1.         0.93333333
 0.96666667 0.9        1.         0.93548387 0.9        0.93333333
 0.96666667 0.93333333 0.93333333 0.93333333 0.93333333 0.96666667
 1.         0.96774194 0.93333333 1.         0.9        0.93333333
 0.93333333 0.93333333 1.         0.93333333 0.93548387 0.96774194
 0.93333333 0.96666667 0.9        0.93333333 0.9        0.96666667
 0.96666667 0.93333333 0.96774194 0.90322581 0.9        0.96666667
 1.         0.9        0.9        0.93333333 0.93333333 0.86666667
 0.90322581 0.96774194 0.93333333 0.96666667 0.9        0.96666667
 0.93333333 0.86666667 0.9        1.         0.96774194 0.87096774
 0.96666667 0.9        0.9        0.96666667 1.         0.96666667
 1.         0.93333333 0.93548387 0.96774194 0.93333333 0.96666667
 0.96666667 0.9        0.9        0.9        1.         0.93333333
 1.         0.93548387 0.9        0.93333333 0.9        0.9
 1.         0.96666667 0.93333333 0.93333333]
Mean accuracy: 0.9410215053763443
Dev: 0.03799470391680289


LR_borderline_CC Cross-Validation Results accuracy:
 [0.96774194 0.96774194 1.         0.96666667 0.96666667 0.93333333
 0.9        0.96666667 0.93333333 0.93333333 0.96774194 0.90322581
 0.96666667 1.         0.96666667 1.         0.96666667 0.9
 0.93333333 0.9        0.96774194 0.96774194 0.96666667 0.93333333
 0.93333333 0.86666667 0.96666667 0.96666667 0.96666667 1.
 1.         1.         0.96666667 0.9        0.93333333 0.93333333
 0.9        0.93333333 0.96666667 0.96666667 0.96774194 0.96774194
 0.96666667 0.93333333 0.93333333 0.93333333 0.96666667 0.93333333
 0.96666667 0.96666667 0.96774194 1.         0.9        0.93333333
 1.         0.83333333 0.93333333 1.         0.96666667 0.9
 0.90322581 0.96774194 1.         1.         0.9        1.
 0.93333333 0.86666667 0.96666667 1.         0.96774194 0.87096774
 0.96666667 0.96666667 0.96666667 0.9        0.96666667 0.93333333
 1.         0.93333333 1.         0.93548387 1.         0.96666667
 0.93333333 0.9        0.93333333 0.86666667 0.96666667 0.96666667
 1.         0.93548387 1.         0.96666667 0.9        0.9
 0.96666667 1.         0.86666667 0.96666667]
Mean accuracy: 0.9502580645161293
Dev: 0.038299384747125166


DT_mix_NM Cross-Validation Results accuracy:
 [0.96774194 0.96774194 1.         1.         1.         1.
 1.         1.         1.         1.         1.         1.
 1.         1.         1.         0.96666667 1.         1.
 0.96666667 1.         1.         0.96774194 1.         0.96666667
 1.         1.         1.         1.         1.         1.
 1.         1.         1.         0.96666667 1.         1.
 0.96666667 1.         1.         1.         1.         1.
 1.         0.96666667 1.         1.         1.         0.96666667
 1.         1.         1.         1.         1.         1.
 1.         1.         1.         1.         1.         0.93333333
 1.         1.         0.96666667 0.96666667 1.         1.
 1.         1.         1.         1.         1.         1.
 1.         0.96666667 1.         1.         0.96666667 1.
 1.         1.         1.         1.         1.         1.
 1.         1.         0.96666667 1.         1.         0.96666667
 1.         1.         1.         0.96666667 1.         1.
 0.96666667 1.         1.         1.        ]
Mean accuracy: 0.9933655913978495
Dev: 0.01408237250610224


DT_smote_NM Cross-Validation Results accuracy:
 [0.96774194 1.         1.         1.         1.         1.
 1.         1.         1.         1.         1.         1.
 1.         1.         1.         1.         1.         1.
 0.96666667 1.         1.         0.96774194 1.         1.
 1.         1.         1.         1.         1.         1.
 1.         1.         1.         0.96666667 1.         1.
 1.         1.         1.         1.         1.         1.
 1.         0.96666667 1.         1.         1.         1.
 1.         1.         1.         1.         1.         1.
 1.         1.         1.         1.         1.         0.96666667
 1.         1.         1.         0.96666667 1.         1.
 1.         1.         1.         1.         1.         1.
 1.         1.         1.         1.         0.96666667 1.
 1.         1.         1.         1.         1.         1.
 1.         1.         0.96666667 1.         1.         1.
 1.         1.         1.         1.         1.         1.
 0.96666667 1.         1.         1.        ]
Mean accuracy: 0.996688172043011
Dev: 0.009936414796028198


DT_GAN_NM Cross-Validation Results accuracy:
 [0.93548387 0.96774194 1.         1.         0.96666667 0.9
 0.96666667 0.96666667 0.93333333 0.96666667 1.         0.90322581
 1.         0.96666667 0.93333333 0.96666667 1.         0.93333333
 0.9        0.96666667 1.         0.96774194 1.         0.9
 1.         0.96666667 0.96666667 0.93333333 1.         0.96666667
 0.96774194 0.96774194 1.         0.93333333 0.9        0.9
 1.         1.         1.         0.96666667 0.93548387 1.
 0.93333333 0.9        0.96666667 0.9        1.         0.96666667
 0.93333333 1.         0.93548387 0.96774194 1.         1.
 1.         0.93333333 0.93333333 1.         0.93333333 0.93333333
 0.90322581 0.96774194 0.96666667 0.93333333 0.96666667 1.
 0.93333333 0.96666667 0.96666667 1.         0.90322581 0.93548387
 0.96666667 1.         1.         0.93333333 0.9        0.96666667
 1.         0.96666667 1.         0.93548387 0.96666667 0.96666667
 1.         1.         0.96666667 0.93333333 0.96666667 0.96666667
 0.93548387 0.90322581 1.         0.96666667 0.96666667 1.
 0.93333333 0.96666667 0.96666667 0.96666667]
Mean accuracy: 0.9616559139784948
Dev: 0.032572382642285944


DT_borderline_NM Cross-Validation Results accuracy:
 [0.96774194 1.         1.         1.         1.         1.
 1.         1.         1.         1.         1.         1.
 1.         1.         1.         1.         1.         1.
 0.96666667 1.         1.         0.96774194 1.         1.
 1.         1.         1.         1.         1.         1.
 1.         1.         1.         0.96666667 1.         1.
 1.         1.         1.         1.         1.         1.
 1.         0.96666667 1.         1.         1.         1.
 1.         1.         1.         1.         1.         1.
 1.         1.         1.         1.         1.         0.96666667
 1.         1.         1.         0.96666667 1.         1.
 1.         1.         1.         1.         1.         1.
 1.         1.         1.         1.         0.96666667 1.
 1.         1.         1.         1.         1.         1.
 1.         1.         0.96666667 1.         1.         1.
 1.         1.         1.         1.         1.         1.
 0.96666667 1.         1.         1.        ]
Mean accuracy: 0.996688172043011
Dev: 0.009936414796028198


DT_mix_KM Cross-Validation Results accuracy:
 [0.96774194 1.         0.96666667 1.         1.         0.93333333
 0.93333333 0.96666667 0.96666667 1.         0.96774194 1.
 1.         0.96666667 1.         1.         0.96666667 0.96666667
 0.96666667 0.93333333 0.93548387 1.         0.96666667 1.
 0.96666667 1.         0.9        0.96666667 1.         0.9
 0.96774194 0.96774194 0.93333333 1.         0.96666667 0.96666667
 0.96666667 1.         0.96666667 1.         0.96774194 0.93548387
 0.9        1.         1.         1.         1.         0.96666667
 0.96666667 0.96666667 1.         0.93548387 1.         1.
 1.         1.         0.93333333 0.93333333 0.96666667 0.96666667
 0.96774194 0.96774194 0.96666667 0.96666667 0.96666667 0.96666667
 1.         1.         0.96666667 1.         1.         0.96774194
 0.93333333 0.93333333 1.         0.96666667 0.96666667 0.93333333
 0.93333333 1.         0.96774194 0.93548387 1.         0.96666667
 0.96666667 0.93333333 1.         1.         1.         0.9
 0.96774194 0.93548387 0.9        1.         0.96666667 1.
 0.96666667 1.         0.96666667 1.        ]
Mean accuracy: 0.9708817204301076
Dev: 0.028242413957042314


DT_smote_KM Cross-Validation Results accuracy:
 [0.93548387 1.         1.         1.         1.         1.
 1.         1.         1.         0.96666667 1.         1.
 1.         1.         1.         1.         1.         0.93333333
 1.         0.96666667 0.96774194 1.         1.         1.
 1.         1.         0.96666667 1.         1.         1.
 1.         1.         1.         0.93333333 1.         1.
 0.93333333 1.         1.         1.         1.         1.
 1.         1.         1.         1.         0.96666667 0.96666667
 1.         0.96666667 1.         1.         1.         1.
 1.         0.96666667 0.96666667 1.         0.96666667 1.
 1.         0.96774194 0.93333333 0.96666667 1.         1.
 1.         1.         1.         0.96666667 1.         1.
 1.         0.93333333 1.         1.         1.         0.93333333
 1.         0.96666667 1.         0.93548387 1.         1.
 0.96666667 1.         1.         1.         1.         1.
 0.96774194 0.93548387 0.96666667 1.         1.         1.
 1.         1.         1.         1.        ]
Mean accuracy: 0.9884301075268818
Dev: 0.021081916879916653


DT_GAN_KM Cross-Validation Results accuracy:
 [0.96774194 0.90322581 0.93333333 1.         0.96666667 0.96666667
 1.         1.         1.         1.         1.         0.96774194
 1.         0.96666667 1.         1.         0.9        0.96666667
 1.         0.93333333 0.96774194 0.87096774 1.         1.
 0.9        0.9        0.96666667 1.         1.         1.
 1.         1.         1.         0.96666667 0.96666667 0.93333333
 0.93333333 1.         0.96666667 0.96666667 0.96774194 1.
 1.         0.96666667 1.         1.         1.         0.93333333
 1.         0.96666667 1.         1.         1.         1.
 1.         1.         0.96666667 0.96666667 0.96666667 0.96666667
 1.         0.90322581 0.93333333 0.93333333 1.         1.
 1.         1.         1.         0.96666667 1.         1.
 0.96666667 0.93333333 1.         1.         0.93333333 0.93333333
 1.         1.         1.         0.96774194 1.         0.96666667
 0.93333333 1.         1.         1.         1.         1.
 1.         0.93548387 1.         1.         0.93333333 1.
 0.96666667 1.         0.96666667 1.        ]
Mean accuracy: 0.9768494623655916
Dev: 0.03109756799355676


DT_borderline_KM Cross-Validation Results accuracy:
 [0.96774194 1.         0.93333333 1.         1.         1.
 1.         1.         1.         0.96666667 1.         1.
 1.         0.96666667 1.         1.         1.         0.9
 1.         1.         1.         1.         1.         1.
 0.96666667 1.         0.96666667 0.96666667 1.         0.96666667
 1.         1.         0.93333333 1.         1.         0.96666667
 0.96666667 1.         1.         1.         1.         1.
 0.96666667 1.         1.         0.96666667 0.96666667 1.
 1.         0.96666667 0.96774194 1.         1.         1.
 1.         1.         0.96666667 1.         0.93333333 1.
 1.         1.         0.93333333 0.96666667 1.         1.
 1.         0.96666667 1.         1.         1.         1.
 1.         0.93333333 1.         0.96666667 0.93333333 0.96666667
 1.         1.         0.96774194 0.96774194 1.         1.
 1.         1.         0.96666667 1.         1.         0.96666667
 1.         0.90322581 1.         1.         1.         1.
 0.96666667 1.         1.         1.        ]
Mean accuracy: 0.9860752688172044
Dev: 0.023027516253348788


DT_mix_CC Cross-Validation Results accuracy:
 [0.96774194 1.         1.         0.93333333 1.         0.96666667
 0.96666667 0.93333333 1.         0.96666667 0.96774194 0.96774194
 1.         0.96666667 0.96666667 1.         1.         1.
 0.9        1.         1.         0.93548387 1.         0.96666667
 1.         0.96666667 1.         1.         0.96666667 1.
 1.         1.         0.96666667 0.93333333 1.         1.
 0.96666667 1.         1.         1.         1.         1.
 0.93333333 0.86666667 1.         0.93333333 1.         0.96666667
 1.         1.         1.         1.         0.93333333 1.
 1.         0.96666667 1.         1.         0.93333333 0.93333333
 0.96774194 0.96774194 1.         0.96666667 0.96666667 0.96666667
 0.96666667 1.         1.         1.         1.         0.93548387
 0.86666667 1.         1.         1.         0.96666667 1.
 1.         0.96666667 1.         1.         1.         1.
 1.         0.93333333 0.96666667 0.96666667 1.         1.
 0.96774194 1.         1.         1.         1.         0.93333333
 0.9        1.         0.96666667 1.        ]
Mean accuracy: 0.9784408602150539
Dev: 0.03023604482653486


DT_smote_CC Cross-Validation Results accuracy:
 [0.93548387 1.         1.         1.         1.         1.
 1.         1.         0.93333333 0.96666667 1.         0.96774194
 1.         1.         1.         1.         1.         0.96666667
 0.9        1.         1.         0.93548387 0.96666667 1.
 1.         0.96666667 0.96666667 1.         1.         1.
 1.         0.96774194 0.96666667 0.96666667 1.         1.
 1.         0.96666667 1.         1.         1.         0.96774194
 1.         0.96666667 0.96666667 0.93333333 1.         1.
 0.96666667 1.         1.         1.         1.         1.
 1.         1.         1.         1.         0.93333333 0.96666667
 0.96774194 0.96774194 1.         0.96666667 1.         1.
 1.         1.         1.         0.96666667 1.         1.
 0.96666667 1.         1.         1.         0.93333333 0.96666667
 1.         1.         1.         1.         1.         1.
 1.         1.         0.93333333 0.96666667 1.         0.96666667
 1.         0.93548387 0.96666667 0.96666667 1.         1.
 0.96666667 1.         1.         1.        ]
Mean accuracy: 0.9851182795698926
Dev: 0.022605066159408205


DT_GAN_CC Cross-Validation Results accuracy:
 [0.93548387 1.         1.         1.         1.         0.96666667
 1.         1.         1.         1.         1.         0.96774194
 0.96666667 1.         1.         1.         1.         0.96666667
 0.9        1.         1.         0.93548387 1.         0.96666667
 1.         0.96666667 1.         1.         1.         1.
 1.         0.96774194 1.         0.96666667 1.         1.
 0.93333333 1.         1.         0.96666667 1.         1.
 1.         0.96666667 0.96666667 0.93333333 1.         0.96666667
 1.         1.         1.         1.         0.96666667 0.96666667
 1.         0.96666667 0.96666667 1.         0.93333333 0.93333333
 0.96774194 1.         0.96666667 0.96666667 0.93333333 1.
 1.         0.96666667 1.         1.         1.         0.96774194
 0.96666667 1.         1.         1.         0.96666667 0.96666667
 1.         1.         0.96774194 1.         1.         1.
 1.         1.         0.96666667 0.96666667 0.96666667 1.
 1.         0.96774194 1.         1.         1.         1.
 0.96666667 1.         0.96666667 0.96666667]
Mean accuracy: 0.983774193548387
Dev: 0.02221521770750069


DT_borderline_CC Cross-Validation Results accuracy:
 [0.96774194 1.         1.         1.         1.         1.
 0.96666667 0.96666667 0.96666667 1.         0.96774194 0.96774194
 1.         1.         1.         1.         1.         1.
 0.9        0.96666667 1.         0.90322581 1.         1.
 0.96666667 1.         1.         1.         1.         1.
 1.         1.         1.         0.96666667 0.96666667 0.96666667
 0.96666667 1.         0.93333333 1.         1.         0.96774194
 1.         0.96666667 1.         0.93333333 1.         1.
 1.         0.96666667 1.         1.         1.         0.96666667
 1.         1.         0.96666667 0.96666667 0.93333333 0.96666667
 0.96774194 0.96774194 1.         0.96666667 1.         1.
 0.96666667 1.         1.         1.         1.         1.
 0.93333333 1.         0.96666667 1.         0.93333333 1.
 1.         1.         1.         0.96774194 1.         0.93333333
 0.96666667 0.96666667 0.96666667 1.         1.         1.
 1.         0.96774194 1.         1.         1.         1.
 0.9        0.96666667 1.         1.        ]
Mean accuracy: 0.9831182795698926
Dev: 0.02455641850731387


RF_mix_NM Cross-Validation Results accuracy:
 [0.93548387 1.         1.         1.         1.         1.
 1.         1.         1.         1.         1.         0.96774194
 1.         1.         0.96666667 1.         1.         1.
 0.96666667 1.         0.96774194 0.93548387 1.         1.
 1.         1.         1.         1.         1.         1.
 1.         1.         1.         0.93333333 1.         1.
 0.96666667 1.         1.         1.         1.         1.
 1.         0.93333333 1.         1.         1.         1.
 1.         1.         1.         1.         0.96666667 1.
 1.         1.         1.         1.         1.         0.93333333
 1.         1.         0.96666667 0.96666667 1.         1.
 0.96666667 1.         1.         1.         1.         1.
 1.         0.96666667 1.         0.96666667 0.96666667 1.
 1.         1.         1.         1.         1.         1.
 0.96666667 1.         0.96666667 1.         1.         0.96666667
 1.         1.         1.         0.96666667 1.         1.
 0.96666667 1.         1.         1.        ]
Mean accuracy: 0.9910645161290325
Dev: 0.01800598235654888


RF_smote_NM Cross-Validation Results accuracy:
 [0.93548387 0.96774194 1.         1.         1.         1.
 1.         1.         1.         1.         1.         0.96774194
 1.         1.         0.96666667 1.         1.         1.
 0.96666667 1.         1.         0.96774194 1.         1.
 1.         1.         1.         1.         0.96666667 1.
 1.         1.         1.         0.96666667 1.         1.
 0.96666667 1.         1.         1.         1.         1.
 1.         0.96666667 1.         1.         1.         1.
 1.         1.         1.         1.         1.         1.
 1.         1.         1.         1.         1.         0.96666667
 1.         1.         1.         0.96666667 1.         1.
 0.96666667 1.         1.         1.         1.         1.
 1.         1.         1.         0.96666667 0.96666667 1.
 1.         1.         1.         1.         1.         1.
 0.96666667 1.         0.96666667 1.         1.         1.
 1.         1.         1.         1.         1.         1.
 0.96666667 1.         1.         1.        ]
Mean accuracy: 0.9937204301075269
Dev: 0.01374639401312114


RF_GAN_NM Cross-Validation Results accuracy:
 [0.96774194 1.         1.         1.         0.96666667 0.93333333
 0.96666667 0.93333333 1.         0.96666667 1.         0.87096774
 1.         0.96666667 0.96666667 0.96666667 1.         0.93333333
 0.93333333 0.96666667 1.         0.93548387 1.         0.93333333
 0.96666667 0.96666667 0.96666667 0.96666667 0.96666667 0.96666667
 1.         0.96774194 0.96666667 0.96666667 0.9        0.93333333
 1.         1.         1.         1.         0.96774194 1.
 1.         0.93333333 0.96666667 0.96666667 1.         1.
 0.86666667 0.96666667 0.96774194 0.96774194 1.         1.
 1.         0.93333333 0.93333333 1.         0.96666667 0.9
 0.96774194 0.96774194 0.96666667 0.93333333 1.         1.
 0.93333333 1.         1.         0.96666667 0.93548387 0.93548387
 1.         1.         1.         0.93333333 0.9        0.96666667
 1.         0.96666667 1.         1.         1.         0.96666667
 0.9        1.         0.96666667 0.96666667 0.96666667 1.
 0.96774194 0.93548387 1.         0.93333333 1.         1.
 0.96666667 0.96666667 1.         0.96666667]
Mean accuracy: 0.9695483870967743
Dev: 0.03127013353044207


RF_borderline_NM Cross-Validation Results accuracy:
 [0.93548387 1.         1.         1.         1.         1.
 1.         1.         1.         1.         1.         1.
 1.         1.         0.96666667 1.         1.         1.
 0.96666667 1.         1.         0.93548387 1.         1.
 1.         1.         1.         1.         1.         1.
 1.         1.         1.         0.96666667 1.         1.
 0.96666667 1.         1.         1.         1.         1.
 1.         0.96666667 0.96666667 1.         1.         1.
 1.         1.         1.         1.         1.         1.
 1.         1.         1.         1.         1.         0.96666667
 1.         1.         1.         0.96666667 1.         1.
 0.96666667 1.         1.         1.         1.         1.
 1.         1.         1.         0.96666667 0.96666667 1.
 1.         1.         1.         1.         1.         1.
 0.96666667 1.         0.96666667 1.         1.         1.
 1.         1.         1.         1.         1.         1.
 0.96666667 1.         1.         1.        ]
Mean accuracy: 0.9940430107526882
Dev: 0.014258907839280896


RF_mix_KM Cross-Validation Results accuracy:
 [0.96774194 1.         0.96666667 1.         0.96666667 1.
 1.         1.         1.         1.         0.96774194 1.
 1.         0.96666667 1.         1.         1.         0.93333333
 1.         1.         0.93548387 1.         1.         1.
 1.         1.         0.96666667 0.96666667 1.         1.
 1.         1.         1.         1.         0.96666667 0.93333333
 0.96666667 1.         1.         1.         1.         1.
 0.96666667 1.         1.         1.         1.         0.96666667
 1.         0.96666667 1.         1.         1.         1.
 1.         1.         0.96666667 1.         0.96666667 1.
 1.         1.         0.96666667 0.96666667 0.96666667 0.96666667
 1.         1.         1.         1.         1.         1.
 1.         1.         1.         1.         0.96666667 0.96666667
 1.         1.         1.         0.96774194 1.         1.
 0.96666667 1.         0.96666667 1.         1.         0.96666667
 1.         0.96774194 1.         1.         0.96666667 1.
 0.96666667 1.         1.         1.        ]
Mean accuracy: 0.9890645161290322
Dev: 0.01755295573566994


RF_smote_KM Cross-Validation Results accuracy:
 [0.90322581 1.         0.96666667 1.         1.         1.
 1.         1.         1.         0.96666667 1.         1.
 1.         0.96666667 1.         0.96666667 1.         0.96666667
 1.         1.         0.96774194 1.         1.         1.
 1.         1.         0.96666667 0.96666667 1.         1.
 1.         1.         1.         1.         1.         0.96666667
 0.96666667 1.         0.96666667 1.         1.         1.
 0.96666667 1.         1.         1.         0.96666667 1.
 1.         0.96666667 1.         1.         1.         1.
 1.         1.         0.93333333 1.         0.96666667 1.
 1.         1.         0.96666667 0.96666667 1.         1.
 1.         1.         1.         0.96666667 1.         1.
 1.         0.96666667 1.         1.         0.96666667 0.93333333
 1.         1.         1.         0.96774194 1.         0.96666667
 1.         1.         1.         1.         1.         0.96666667
 1.         0.96774194 0.96666667 1.         1.         1.
 0.96666667 1.         1.         1.        ]
Mean accuracy: 0.9890645161290322
Dev: 0.018701057834022598


RF_GAN_KM Cross-Validation Results accuracy:
 [0.96774194 0.96774194 0.96666667 0.96666667 1.         1.
 1.         1.         1.         1.         0.96774194 1.
 1.         0.96666667 0.96666667 1.         1.         0.96666667
 0.96666667 1.         1.         1.         1.         0.96666667
 1.         1.         0.93333333 0.96666667 1.         1.
 1.         1.         1.         1.         1.         0.93333333
 1.         0.96666667 1.         1.         1.         0.96774194
 0.96666667 0.96666667 0.96666667 1.         1.         1.
 1.         0.96666667 0.96774194 1.         0.96666667 1.
 1.         1.         0.96666667 1.         1.         0.93333333
 1.         1.         0.96666667 0.96666667 1.         0.96666667
 1.         1.         1.         0.96666667 1.         1.
 1.         0.96666667 1.         1.         0.96666667 0.96666667
 1.         0.96666667 1.         0.96774194 0.96666667 1.
 1.         1.         0.96666667 1.         0.96666667 0.96666667
 1.         0.96774194 1.         1.         1.         1.
 0.96666667 0.96666667 1.         0.96666667]
Mean accuracy: 0.985741935483871
Dev: 0.018336167913810143


RF_borderline_KM Cross-Validation Results accuracy:
 [0.96774194 1.         0.93333333 1.         1.         1.
 1.         1.         1.         0.96666667 1.         1.
 0.96666667 0.96666667 1.         1.         1.         0.93333333
 1.         1.         1.         1.         1.         1.
 0.96666667 1.         0.96666667 0.96666667 1.         1.
 1.         1.         0.93333333 1.         1.         0.96666667
 0.96666667 1.         1.         1.         1.         1.
 0.96666667 1.         1.         0.96666667 0.96666667 1.
 1.         0.96666667 1.         1.         1.         1.
 1.         1.         0.96666667 1.         0.93333333 1.
 1.         1.         0.93333333 0.96666667 1.         1.
 1.         0.96666667 1.         1.         1.         1.
 1.         1.         1.         1.         0.93333333 0.96666667
 1.         1.         0.96774194 0.96774194 1.         0.96666667
 1.         1.         0.96666667 1.         1.         0.96666667
 1.         0.90322581 1.         1.         1.         1.
 0.96666667 1.         1.         1.        ]
Mean accuracy: 0.9873978494623656
Dev: 0.02132943079116034


RF_mix_CC Cross-Validation Results accuracy:
 [0.96774194 1.         1.         1.         1.         1.
 0.96666667 1.         0.93333333 1.         1.         0.96774194
 1.         1.         0.96666667 1.         1.         1.
 0.93333333 1.         1.         0.93548387 1.         1.
 1.         1.         1.         1.         1.         1.
 1.         1.         0.96666667 0.93333333 1.         1.
 0.96666667 1.         1.         1.         1.         1.
 0.96666667 0.96666667 1.         0.96666667 1.         0.96666667
 1.         0.96666667 0.96774194 1.         1.         1.
 1.         0.96666667 1.         1.         0.96666667 0.93333333
 0.96774194 1.         1.         0.96666667 1.         1.
 1.         1.         0.96666667 1.         0.96774194 0.96774194
 0.96666667 1.         1.         1.         0.93333333 1.
 1.         1.         1.         1.         1.         1.
 1.         1.         0.96666667 0.96666667 1.         1.
 0.96774194 1.         0.96666667 1.         1.         1.
 0.96666667 1.         1.         1.        ]
Mean accuracy: 0.9877634408602151
Dev: 0.019671119503899857


RF_smote_CC Cross-Validation Results accuracy:
 [0.96774194 1.         1.         1.         1.         1.
 0.93333333 1.         1.         0.96666667 1.         1.
 0.96666667 1.         1.         1.         1.         1.
 0.93333333 1.         1.         0.96774194 0.96666667 1.
 1.         0.93333333 1.         1.         1.         1.
 1.         1.         1.         0.96666667 1.         1.
 1.         0.96666667 1.         1.         1.         1.
 1.         0.96666667 0.96666667 0.96666667 1.         1.
 1.         1.         1.         1.         0.96666667 1.
 1.         1.         1.         1.         0.96666667 0.96666667
 0.96774194 0.96774194 1.         0.96666667 1.         1.
 1.         1.         1.         0.96666667 1.         1.
 1.         1.         1.         1.         0.93333333 0.96666667
 1.         1.         1.         1.         1.         1.
 0.96666667 1.         0.93333333 0.96666667 1.         1.
 0.96774194 1.         1.         0.96666667 1.         1.
 0.96666667 1.         1.         1.        ]
Mean accuracy: 0.9890537634408603
Dev: 0.018826344938142156


RF_GAN_CC Cross-Validation Results accuracy:
 [0.93548387 1.         1.         1.         0.96666667 0.96666667
 0.96666667 1.         1.         1.         1.         1.
 0.93333333 1.         1.         0.93333333 1.         1.
 0.93333333 1.         1.         0.93548387 1.         1.
 1.         0.96666667 1.         1.         1.         0.96666667
 1.         1.         1.         0.96666667 1.         1.
 0.96666667 1.         1.         0.93333333 0.96774194 1.
 1.         0.96666667 1.         0.96666667 1.         1.
 1.         0.96666667 1.         0.93548387 1.         0.96666667
 1.         1.         1.         0.96666667 0.96666667 0.96666667
 1.         1.         1.         0.96666667 1.         1.
 1.         1.         0.9        1.         0.96774194 0.96774194
 1.         1.         1.         1.         0.93333333 1.
 1.         0.96666667 0.90322581 1.         0.96666667 1.
 1.         1.         1.         0.96666667 1.         1.
 1.         1.         0.96666667 1.         0.93333333 0.96666667
 0.96666667 1.         1.         0.96666667]
Mean accuracy: 0.9837956989247312
Dev: 0.024459591004176075


RF_borderline_CC Cross-Validation Results accuracy:
 [0.93548387 1.         1.         1.         1.         0.96666667
 0.96666667 0.96666667 1.         1.         0.96774194 1.
 1.         1.         1.         1.         1.         1.
 0.9        1.         1.         0.90322581 1.         0.96666667
 1.         1.         1.         1.         1.         1.
 1.         1.         1.         0.96666667 0.96666667 0.93333333
 0.96666667 1.         1.         1.         1.         0.96774194
 1.         0.96666667 1.         0.93333333 1.         1.
 1.         1.         1.         1.         1.         1.
 1.         1.         1.         0.96666667 0.93333333 0.96666667
 0.93548387 0.96774194 1.         0.96666667 1.         1.
 1.         1.         1.         1.         0.96774194 1.
 0.93333333 1.         1.         1.         0.93333333 1.
 1.         1.         1.         1.         1.         0.93333333
 0.96666667 1.         0.96666667 1.         1.         1.
 0.96774194 0.96774194 1.         1.         1.         1.
 0.93333333 0.96666667 1.         1.        ]
Mean accuracy: 0.9854731182795701
Dev: 0.024392015111557534


XGB_mix_NM Cross-Validation Results accuracy:
 [0.93548387 0.96774194 1.         1.         1.         1.
 1.         1.         0.96666667 1.         1.         1.
 1.         1.         0.96666667 0.96666667 1.         0.96666667
 0.93333333 1.         1.         0.93548387 1.         0.96666667
 1.         1.         1.         1.         0.96666667 1.
 1.         1.         1.         0.96666667 1.         1.
 0.93333333 1.         1.         0.96666667 1.         1.
 1.         0.93333333 0.96666667 1.         1.         0.96666667
 1.         1.         0.96774194 1.         0.96666667 1.
 1.         1.         1.         1.         1.         0.93333333
 0.96774194 1.         0.96666667 0.96666667 1.         1.
 0.96666667 1.         1.         1.         1.         1.
 0.96666667 0.96666667 1.         0.96666667 0.96666667 0.96666667
 1.         1.         1.         1.         1.         0.96666667
 0.96666667 1.         0.96666667 1.         0.96666667 0.96666667
 1.         0.96774194 1.         0.96666667 0.96666667 0.96666667
 0.96666667 1.         1.         1.        ]
Mean accuracy: 0.9854193548387097
Dev: 0.020029068943129606


XGB_smote_NM Cross-Validation Results accuracy:
 [0.93548387 1.         1.         1.         1.         1.
 1.         1.         0.96666667 1.         1.         0.96774194
 1.         1.         0.96666667 1.         1.         0.96666667
 0.96666667 1.         1.         0.93548387 1.         1.
 1.         1.         1.         1.         0.96666667 1.
 1.         1.         1.         0.96666667 1.         1.
 0.96666667 1.         1.         0.96666667 1.         1.
 1.         0.93333333 0.96666667 1.         1.         1.
 1.         1.         0.96774194 1.         0.96666667 1.
 1.         1.         1.         1.         1.         0.96666667
 0.96774194 1.         1.         0.96666667 1.         1.
 0.96666667 1.         1.         1.         1.         1.
 1.         1.         1.         0.96666667 0.96666667 0.96666667
 1.         1.         1.         1.         1.         1.
 0.96666667 1.         0.96666667 1.         0.96666667 1.
 1.         0.96774194 1.         1.         0.96666667 1.
 0.96666667 1.         1.         1.        ]
Mean accuracy: 0.9897526881720431
Dev: 0.017252255076876173


XGB_GAN_NM Cross-Validation Results accuracy:
 [0.93548387 1.         0.96666667 0.96666667 1.         1.
 0.96666667 0.96666667 1.         1.         1.         0.93548387
 1.         1.         0.93333333 1.         1.         1.
 0.96666667 1.         1.         0.93548387 0.96666667 1.
 0.93333333 0.96666667 1.         1.         0.96666667 1.
 0.96774194 1.         1.         0.93333333 1.         0.96666667
 0.96666667 1.         0.96666667 0.96666667 1.         1.
 0.96666667 0.93333333 0.96666667 0.96666667 0.96666667 1.
 0.9        1.         0.96774194 1.         0.96666667 1.
 1.         1.         1.         1.         1.         0.9
 1.         1.         1.         0.96666667 1.         0.96666667
 0.96666667 1.         1.         0.93333333 1.         0.96774194
 0.93333333 0.96666667 1.         0.93333333 0.96666667 0.96666667
 1.         1.         1.         1.         1.         0.96666667
 0.93333333 1.         0.96666667 1.         1.         0.96666667
 0.96774194 1.         1.         0.9        0.96666667 1.
 0.96666667 0.96666667 1.         1.        ]
Mean accuracy: 0.9787741935483871
Dev: 0.026338871548886155


XGB_borderline_NM Cross-Validation Results accuracy:
 [0.93548387 0.96774194 1.         1.         1.         1.
 1.         1.         0.96666667 1.         1.         1.
 1.         1.         0.96666667 1.         0.96666667 0.96666667
 0.93333333 1.         1.         0.93548387 1.         1.
 1.         0.96666667 1.         1.         0.96666667 1.
 1.         1.         1.         0.96666667 1.         1.
 0.96666667 1.         1.         0.96666667 1.         1.
 1.         0.9        0.96666667 1.         1.         1.
 1.         1.         0.96774194 1.         0.93333333 1.
 1.         1.         1.         1.         1.         0.96666667
 0.96774194 0.96774194 1.         0.96666667 1.         1.
 0.96666667 1.         1.         1.         1.         1.
 1.         0.96666667 1.         0.96666667 0.96666667 0.96666667
 1.         1.         1.         1.         1.         1.
 0.96666667 1.         0.93333333 1.         0.96666667 1.
 1.         0.96774194 1.         1.         0.96666667 1.
 0.96666667 1.         1.         1.        ]
Mean accuracy: 0.9870967741935485
Dev: 0.020867419219368365


XGB_mix_KM Cross-Validation Results accuracy:
 [0.96774194 1.         0.96666667 1.         1.         1.
 1.         0.96666667 1.         1.         1.         1.
 1.         0.93333333 0.96666667 1.         1.         0.96666667
 1.         0.96666667 0.93548387 1.         0.96666667 1.
 1.         1.         0.96666667 0.96666667 1.         0.96666667
 1.         0.93548387 0.96666667 1.         1.         0.96666667
 0.93333333 1.         1.         1.         0.96774194 0.96774194
 0.96666667 1.         1.         1.         1.         0.96666667
 1.         0.96666667 0.96774194 0.96774194 1.         1.
 1.         1.         0.96666667 0.96666667 0.96666667 1.
 0.96774194 0.96774194 0.96666667 0.96666667 1.         1.
 1.         0.96666667 1.         1.         1.         0.96774194
 1.         0.93333333 1.         1.         0.96666667 0.93333333
 1.         1.         1.         0.96774194 1.         0.96666667
 0.96666667 0.96666667 0.96666667 1.         1.         0.93333333
 1.         0.96774194 0.93333333 0.96666667 0.96666667 0.96666667
 0.96666667 1.         1.         1.        ]
Mean accuracy: 0.9818172043010753
Dev: 0.02110875932400734


XGB_smote_KM Cross-Validation Results accuracy:
 [0.90322581 0.96774194 1.         1.         1.         1.
 1.         1.         1.         0.96666667 1.         0.96774194
 1.         1.         1.         0.96666667 1.         0.96666667
 1.         1.         0.93548387 1.         1.         1.
 1.         1.         0.96666667 1.         1.         1.
 1.         1.         1.         0.96666667 1.         1.
 0.96666667 1.         0.96666667 1.         1.         1.
 1.         1.         0.96666667 1.         0.96666667 1.
 1.         0.96666667 1.         1.         1.         1.
 0.96666667 1.         0.96666667 1.         0.96666667 1.
 1.         1.         0.96666667 0.96666667 1.         1.
 1.         0.96666667 1.         0.96666667 1.         1.
 1.         0.93333333 1.         1.         1.         0.93333333
 1.         1.         1.         0.96774194 1.         0.93333333
 1.         1.         1.         1.         1.         1.
 1.         0.96774194 0.96666667 1.         1.         0.96666667
 1.         1.         1.         1.        ]
Mean accuracy: 0.9887634408602151
Dev: 0.019876701099984025


XGB_GAN_KM Cross-Validation Results accuracy:
 [0.93548387 0.93548387 1.         1.         1.         0.96666667
 1.         1.         1.         1.         0.96774194 1.
 1.         0.96666667 1.         1.         0.96666667 0.96666667
 0.96666667 0.96666667 0.96774194 0.96774194 1.         1.
 0.96666667 1.         0.96666667 0.96666667 1.         1.
 1.         0.96774194 1.         0.96666667 0.96666667 1.
 0.96666667 0.96666667 0.96666667 1.         0.96774194 1.
 1.         0.96666667 0.96666667 1.         1.         0.96666667
 1.         0.96666667 0.96774194 1.         1.         1.
 0.96666667 1.         1.         0.96666667 0.96666667 0.96666667
 1.         0.90322581 0.96666667 0.93333333 1.         0.96666667
 1.         1.         1.         1.         1.         1.
 1.         1.         1.         0.96666667 0.96666667 0.93333333
 1.         0.96666667 1.         0.96774194 1.         0.93333333
 0.93333333 1.         0.96666667 1.         1.         0.96666667
 0.96774194 0.96774194 1.         1.         0.93333333 1.
 0.96666667 1.         1.         1.        ]
Mean accuracy: 0.9815053763440861
Dev: 0.02200127178657215


XGB_borderline_KM Cross-Validation Results accuracy:
 [0.96774194 0.96774194 0.93333333 1.         1.         1.
 1.         1.         1.         0.96666667 0.96774194 1.
 1.         0.96666667 1.         1.         1.         0.93333333
 1.         1.         0.96774194 1.         1.         1.
 0.96666667 1.         0.93333333 0.96666667 1.         1.
 0.96774194 1.         0.96666667 0.96666667 1.         0.96666667
 0.96666667 1.         1.         1.         1.         1.
 0.96666667 1.         0.96666667 1.         0.96666667 1.
 1.         0.96666667 1.         0.96774194 1.         1.
 0.96666667 1.         0.96666667 1.         0.93333333 1.
 1.         1.         0.96666667 0.96666667 1.         0.96666667
 1.         0.93333333 1.         1.         1.         1.
 1.         0.93333333 1.         1.         0.93333333 0.96666667
 1.         1.         0.96774194 0.96774194 0.96666667 1.
 1.         1.         1.         1.         1.         0.96666667
 1.         0.93548387 1.         0.96666667 1.         0.96666667
 0.96666667 1.         0.96666667 1.        ]
Mean accuracy: 0.9841075268817204
Dev: 0.02121501833894442


XGB_mix_CC Cross-Validation Results accuracy:
 [0.96774194 0.96774194 1.         1.         1.         0.96666667
 0.96666667 0.96666667 0.96666667 1.         1.         1.
 1.         1.         0.9        1.         0.96666667 1.
 0.9        1.         1.         0.93548387 1.         0.96666667
 1.         1.         1.         0.96666667 0.96666667 0.96666667
 1.         1.         1.         0.9        0.96666667 0.96666667
 0.96666667 1.         1.         1.         1.         1.
 0.96666667 0.93333333 1.         0.96666667 0.96666667 0.96666667
 1.         1.         1.         1.         0.96666667 1.
 1.         0.93333333 1.         0.96666667 0.96666667 0.96666667
 0.96774194 0.96774194 1.         0.96666667 0.96666667 0.86666667
 1.         1.         0.96666667 1.         1.         0.93548387
 0.96666667 0.96666667 1.         1.         0.93333333 1.
 1.         0.96666667 1.         1.         1.         1.
 0.93333333 0.96666667 0.96666667 0.96666667 1.         1.
 0.93548387 1.         0.96666667 1.         1.         1.
 0.9        0.96666667 0.93333333 1.        ]
Mean accuracy: 0.9777741935483871
Dev: 0.028582358339230257


XGB_smote_CC Cross-Validation Results accuracy:
 [0.96774194 1.         1.         1.         1.         1.
 0.93333333 1.         1.         0.96666667 1.         1.
 0.96666667 1.         0.96666667 1.         1.         1.
 0.9        1.         1.         0.96774194 1.         1.
 1.         0.96666667 1.         1.         1.         1.
 1.         1.         1.         0.96666667 1.         1.
 0.96666667 0.96666667 1.         1.         1.         1.
 1.         0.96666667 0.93333333 0.96666667 1.         1.
 1.         1.         1.         1.         0.93333333 1.
 1.         0.93333333 1.         1.         0.96666667 0.96666667
 1.         1.         1.         0.96666667 1.         1.
 0.96666667 1.         1.         0.96666667 1.         1.
 1.         1.         1.         0.96666667 0.96666667 0.96666667
 1.         1.         1.         1.         1.         1.
 0.96666667 1.         0.93333333 1.         1.         1.
 1.         1.         1.         0.96666667 0.96666667 1.
 0.96666667 1.         1.         1.        ]
Mean accuracy: 0.9880215053763441
Dev: 0.020805837561442622


XGB_GAN_CC Cross-Validation Results accuracy:
 [0.93548387 1.         1.         1.         0.96666667 0.93333333
 1.         1.         1.         1.         1.         0.96774194
 0.96666667 1.         1.         0.96666667 1.         1.
 0.9        1.         1.         0.93548387 1.         0.96666667
 1.         0.96666667 1.         1.         1.         0.96666667
 1.         0.96774194 1.         0.96666667 1.         1.
 0.93333333 1.         1.         0.96666667 1.         1.
 1.         0.96666667 0.96666667 0.96666667 1.         0.96666667
 1.         1.         1.         0.96774194 1.         0.96666667
 1.         0.96666667 1.         0.96666667 0.96666667 0.96666667
 0.96774194 1.         0.96666667 0.96666667 1.         1.
 1.         1.         0.9        1.         1.         0.93548387
 0.96666667 1.         1.         1.         0.96666667 1.
 1.         1.         0.93548387 1.         1.         1.
 1.         1.         0.96666667 0.96666667 0.96666667 1.
 1.         1.         1.         1.         0.96666667 0.96666667
 0.96666667 1.         0.96666667 0.96666667]
Mean accuracy: 0.9831290322580645
Dev: 0.023121377636876054


XGB_borderline_CC Cross-Validation Results accuracy:
 [0.93548387 1.         1.         1.         1.         1.
 0.96666667 0.96666667 0.96666667 1.         0.96774194 1.
 1.         1.         1.         1.         1.         0.96666667
 0.9        1.         1.         0.90322581 1.         1.
 1.         1.         1.         1.         0.96666667 1.
 1.         1.         1.         0.96666667 0.96666667 1.
 0.93333333 1.         1.         0.96666667 1.         0.96774194
 1.         0.93333333 1.         0.96666667 1.         1.
 1.         1.         0.96774194 1.         0.96666667 1.
 1.         1.         1.         0.96666667 0.96666667 0.96666667
 0.93548387 0.96774194 1.         0.96666667 1.         1.
 0.96666667 1.         1.         1.         1.         1.
 0.96666667 1.         1.         0.96666667 0.93333333 0.96666667
 1.         1.         1.         0.96774194 1.         0.96666667
 0.93333333 1.         0.96666667 1.         0.96666667 1.
 0.96774194 0.96774194 1.         1.         0.96666667 1.
 0.93333333 1.         1.         1.        ]
Mean accuracy: 0.9838172043010753
Dev: 0.023548325722903277


XGBRF_mix_NM Cross-Validation Results accuracy:
 [0.93548387 0.96774194 1.         1.         1.         1.
 1.         1.         0.96666667 1.         1.         1.
 1.         1.         0.96666667 0.96666667 1.         0.96666667
 0.96666667 1.         1.         0.93548387 1.         0.96666667
 1.         1.         1.         1.         0.96666667 1.
 1.         1.         1.         0.96666667 1.         1.
 0.93333333 1.         1.         0.96666667 1.         1.
 1.         0.93333333 0.96666667 1.         1.         0.96666667
 1.         1.         0.96774194 1.         0.96666667 1.
 1.         1.         1.         1.         1.         0.93333333
 0.96774194 1.         0.96666667 0.96666667 1.         1.
 0.96666667 1.         1.         1.         1.         1.
 1.         0.96666667 1.         0.96666667 0.96666667 0.96666667
 1.         1.         1.         1.         1.         1.
 0.96666667 1.         0.96666667 1.         0.96666667 0.96666667
 1.         0.96774194 1.         0.96666667 0.96666667 1.
 0.96666667 1.         1.         1.        ]
Mean accuracy: 0.9867526881720431
Dev: 0.01927695200788502


XGBRF_smote_NM Cross-Validation Results accuracy:
 [0.93548387 1.         1.         1.         1.         1.
 1.         1.         0.96666667 1.         1.         1.
 1.         1.         0.96666667 1.         1.         0.96666667
 0.96666667 1.         1.         0.93548387 1.         1.
 1.         1.         1.         1.         0.96666667 1.
 1.         1.         1.         0.96666667 1.         1.
 0.96666667 1.         1.         0.96666667 1.         1.
 1.         0.93333333 0.96666667 1.         1.         1.
 1.         1.         0.96774194 1.         0.96666667 1.
 1.         1.         1.         1.         1.         0.96666667
 0.96774194 1.         1.         0.96666667 1.         1.
 0.96666667 1.         1.         1.         1.         1.
 1.         1.         1.         0.96666667 0.96666667 0.96666667
 1.         1.         1.         1.         1.         1.
 0.96666667 1.         0.96666667 1.         0.96666667 1.
 1.         0.96774194 1.         1.         0.96666667 1.
 0.96666667 1.         1.         1.        ]
Mean accuracy: 0.9900752688172044
Dev: 0.017138891114157943


XGBRF_GAN_NM Cross-Validation Results accuracy:
 [0.93548387 1.         1.         1.         1.         0.93333333
 1.         0.96666667 0.96666667 1.         1.         0.93548387
 1.         1.         0.93333333 1.         1.         0.96666667
 0.93333333 0.96666667 1.         0.93548387 1.         0.96666667
 1.         1.         0.96666667 0.93333333 0.96666667 1.
 0.96774194 1.         1.         0.93333333 0.96666667 0.96666667
 0.93333333 1.         1.         0.96666667 1.         1.
 0.96666667 0.93333333 0.96666667 0.93333333 1.         0.96666667
 0.93333333 1.         0.96774194 1.         0.96666667 1.
 1.         0.96666667 1.         1.         1.         0.93333333
 0.93548387 1.         1.         0.93333333 0.96666667 0.96666667
 0.93333333 1.         1.         1.         1.         0.96774194
 0.96666667 1.         1.         0.93333333 0.9        0.96666667
 1.         0.96666667 1.         1.         1.         1.
 0.93333333 0.96666667 0.96666667 0.96666667 0.96666667 0.96666667
 0.96774194 0.90322581 1.         0.96666667 0.96666667 1.
 0.96666667 0.96666667 0.96666667 1.        ]
Mean accuracy: 0.9748279569892475
Dev: 0.026901538930981767


XGBRF_borderline_NM Cross-Validation Results accuracy:
 [0.93548387 0.96774194 1.         1.         1.         1.
 1.         1.         0.96666667 1.         1.         1.
 1.         1.         0.96666667 1.         0.96666667 0.96666667
 0.96666667 1.         1.         0.93548387 1.         1.
 1.         0.96666667 1.         1.         0.96666667 1.
 1.         1.         1.         0.96666667 0.96666667 1.
 0.96666667 1.         1.         0.96666667 1.         1.
 1.         0.9        0.96666667 1.         1.         1.
 1.         1.         0.96774194 1.         0.93333333 1.
 1.         1.         1.         1.         1.         0.96666667
 0.96774194 0.96774194 1.         0.96666667 1.         1.
 0.96666667 1.         1.         1.         1.         1.
 1.         0.96666667 1.         0.96666667 0.96666667 0.96666667
 1.         1.         1.         1.         1.         1.
 0.96666667 1.         0.93333333 1.         0.96666667 1.
 1.         0.96774194 1.         1.         0.96666667 1.
 0.96666667 1.         1.         0.96666667]
Mean accuracy: 0.9867634408602152
Dev: 0.020386878429936438


XGBRF_mix_KM Cross-Validation Results accuracy:
 [0.96774194 0.96774194 0.96666667 1.         1.         0.93333333
 0.96666667 0.93333333 1.         0.96666667 0.93548387 0.96774194
 1.         0.93333333 1.         1.         0.96666667 0.96666667
 0.96666667 0.93333333 0.90322581 1.         0.96666667 1.
 1.         1.         0.9        0.93333333 1.         0.96666667
 0.96774194 1.         0.93333333 0.96666667 0.96666667 0.96666667
 0.96666667 0.96666667 1.         1.         0.96774194 0.93548387
 0.93333333 1.         0.96666667 1.         1.         0.96666667
 0.96666667 0.96666667 1.         0.93548387 1.         1.
 0.93333333 1.         0.93333333 0.93333333 0.96666667 0.96666667
 0.96774194 0.93548387 0.96666667 0.96666667 1.         0.86666667
 1.         0.93333333 1.         1.         1.         1.
 0.96666667 0.93333333 1.         0.96666667 0.96666667 0.93333333
 0.96666667 1.         1.         0.96774194 0.96666667 0.93333333
 0.96666667 0.96666667 1.         1.         1.         0.9
 0.96774194 0.96774194 0.96666667 0.93333333 0.96666667 0.96666667
 0.96666667 1.         1.         1.        ]
Mean accuracy: 0.9695483870967743
Dev: 0.02874886777845667


XGBRF_smote_KM Cross-Validation Results accuracy:
 [0.96774194 0.96774194 0.96666667 1.         1.         1.
 1.         1.         1.         0.93333333 0.96774194 0.96774194
 1.         0.96666667 1.         0.93333333 1.         0.93333333
 1.         1.         0.93548387 1.         1.         1.
 1.         1.         0.93333333 0.96666667 1.         0.96666667
 0.96774194 1.         0.96666667 0.96666667 1.         0.96666667
 0.96666667 1.         0.93333333 1.         1.         1.
 0.93333333 1.         0.96666667 1.         0.96666667 0.93333333
 1.         0.96666667 1.         0.93548387 1.         1.
 0.96666667 1.         0.93333333 1.         0.96666667 1.
 1.         1.         0.93333333 0.96666667 1.         0.96666667
 1.         0.96666667 1.         0.96666667 1.         1.
 1.         0.93333333 1.         0.96666667 0.96666667 0.93333333
 1.         0.93333333 1.         0.96774194 0.96666667 0.9
 1.         1.         0.96666667 1.         1.         0.96666667
 0.93548387 0.96774194 0.96666667 0.96666667 1.         0.96666667
 0.96666667 1.         1.         1.        ]
Mean accuracy: 0.9781397849462365
Dev: 0.025338980603558575


XGBRF_GAN_KM Cross-Validation Results accuracy:
 [0.93548387 1.         0.9        0.96666667 1.         0.93333333
 1.         1.         1.         0.96666667 1.         1.
 1.         0.93333333 0.96666667 1.         0.93333333 0.96666667
 0.93333333 0.93333333 0.87096774 0.96774194 0.96666667 1.
 0.96666667 1.         0.96666667 1.         1.         1.
 1.         1.         1.         0.96666667 0.96666667 1.
 0.96666667 1.         0.93333333 1.         0.96774194 1.
 1.         0.93333333 0.93333333 1.         0.96666667 1.
 1.         0.96666667 0.96774194 1.         1.         1.
 0.96666667 1.         1.         0.96666667 0.96666667 0.93333333
 1.         0.93548387 0.9        0.93333333 1.         0.96666667
 1.         0.96666667 0.96666667 1.         0.96774194 1.
 0.96666667 1.         1.         1.         0.96666667 0.93333333
 1.         1.         1.         0.96774194 1.         1.
 0.96666667 1.         0.93333333 1.         1.         1.
 0.96774194 0.96774194 1.         1.         0.93333333 1.
 0.96666667 1.         1.         1.        ]
Mean accuracy: 0.9771612903225807
Dev: 0.028691396056205836


XGBRF_borderline_KM Cross-Validation Results accuracy:
 [0.96774194 0.96774194 0.93333333 1.         1.         1.
 1.         1.         1.         0.93333333 1.         0.96774194
 1.         0.96666667 1.         1.         1.         0.9
 1.         1.         0.96774194 1.         1.         1.
 0.96666667 1.         0.93333333 0.96666667 1.         0.96666667
 1.         1.         0.93333333 0.96666667 1.         0.96666667
 0.96666667 1.         1.         1.         1.         1.
 0.93333333 1.         0.96666667 0.96666667 0.96666667 1.
 1.         0.96666667 0.96774194 0.96774194 1.         1.
 0.96666667 1.         0.96666667 1.         0.93333333 1.
 1.         1.         0.93333333 0.96666667 1.         0.96666667
 1.         0.93333333 1.         1.         1.         1.
 1.         0.93333333 1.         0.96666667 0.93333333 0.96666667
 1.         1.         0.96774194 0.96774194 1.         0.96666667
 1.         1.         0.96666667 1.         1.         0.96666667
 1.         0.90322581 1.         0.96666667 1.         0.96666667
 0.96666667 1.         1.         1.        ]
Mean accuracy: 0.9811182795698926
Dev: 0.02490742252973611


XGBRF_mix_CC Cross-Validation Results accuracy:
 [0.93548387 1.         1.         1.         1.         0.9
 0.96666667 0.93333333 0.96666667 1.         0.96774194 0.96774194
 1.         1.         0.93333333 1.         1.         0.96666667
 0.9        1.         1.         0.87096774 1.         0.93333333
 1.         1.         1.         1.         0.96666667 1.
 1.         1.         1.         0.96666667 0.96666667 0.93333333
 0.93333333 1.         1.         0.96666667 1.         0.96774194
 0.96666667 0.9        0.96666667 0.93333333 1.         0.96666667
 1.         1.         0.96774194 1.         0.93333333 1.
 1.         0.96666667 1.         1.         0.93333333 0.93333333
 0.93548387 0.96774194 1.         0.96666667 1.         0.9
 0.96666667 1.         1.         1.         0.96774194 0.93548387
 0.96666667 1.         1.         0.96666667 0.93333333 0.96666667
 1.         1.         1.         1.         1.         0.96666667
 0.9        0.96666667 0.96666667 0.96666667 0.96666667 1.
 0.96774194 0.93548387 1.         0.96666667 0.96666667 1.
 0.93333333 1.         0.96666667 0.96666667]
Mean accuracy: 0.9732043010752689
Dev: 0.03089473173648311


XGBRF_smote_CC Cross-Validation Results accuracy:
 [0.93548387 0.96774194 1.         1.         1.         0.96666667
 0.96666667 1.         0.96666667 0.96666667 1.         1.
 0.93333333 1.         0.96666667 1.         1.         0.9
 0.9        1.         1.         0.90322581 1.         0.96666667
 1.         0.96666667 1.         1.         0.96666667 1.
 1.         1.         1.         0.96666667 0.96666667 0.96666667
 0.96666667 0.96666667 1.         0.96666667 1.         1.
 1.         0.93333333 0.93333333 0.93333333 1.         1.
 1.         1.         0.93548387 1.         0.9        1.
 1.         1.         1.         1.         0.93333333 0.96666667
 0.93548387 0.96774194 1.         0.96666667 1.         1.
 0.96666667 1.         1.         0.96666667 0.96774194 1.
 1.         1.         1.         0.96666667 0.93333333 0.9
 1.         1.         1.         1.         1.         0.96666667
 0.93333333 0.96666667 0.93333333 1.         0.93333333 1.
 0.96774194 0.96774194 1.         0.96666667 0.96666667 1.
 0.96666667 1.         0.96666667 1.        ]
Mean accuracy: 0.9771505376344086
Dev: 0.028744240400924725


XGBRF_GAN_CC Cross-Validation Results accuracy:
 [0.96774194 1.         1.         1.         0.96666667 0.93333333
 0.96666667 0.96666667 1.         1.         1.         0.93548387
 1.         1.         0.96666667 0.93333333 1.         0.93333333
 0.9        1.         1.         0.93548387 1.         0.96666667
 1.         0.93333333 1.         0.96666667 1.         0.96666667
 1.         1.         1.         0.96666667 0.93333333 0.96666667
 0.96666667 1.         1.         0.96666667 0.96774194 1.
 1.         0.96666667 0.93333333 0.9        1.         0.96666667
 0.93333333 0.96666667 0.96774194 0.96774194 0.96666667 1.
 1.         0.96666667 0.96666667 0.96666667 0.93333333 0.93333333
 0.96774194 0.96774194 0.96666667 0.93333333 0.96666667 1.
 0.96666667 1.         0.9        1.         1.         0.93548387
 0.96666667 1.         1.         0.96666667 0.93333333 1.
 1.         0.96666667 0.96774194 0.96774194 1.         1.
 0.9        1.         0.96666667 0.96666667 1.         0.96666667
 0.96774194 0.96774194 1.         0.96666667 0.96666667 0.96666667
 0.96666667 0.96666667 0.96666667 1.        ]
Mean accuracy: 0.9725053763440861
Dev: 0.02699128424819935


XGBRF_borderline_CC Cross-Validation Results accuracy:
 [0.93548387 1.         1.         1.         1.         0.96666667
 0.96666667 0.96666667 0.96666667 1.         0.96774194 1.
 1.         1.         0.96666667 1.         1.         0.96666667
 0.9        1.         1.         0.87096774 1.         0.96666667
 1.         1.         1.         1.         0.96666667 1.
 1.         1.         1.         0.96666667 0.96666667 0.96666667
 0.93333333 1.         1.         0.96666667 1.         0.96774194
 1.         0.93333333 0.96666667 0.93333333 1.         1.
 1.         1.         0.96774194 1.         0.96666667 1.
 1.         1.         1.         0.96666667 0.93333333 0.96666667
 0.90322581 0.96774194 1.         0.96666667 1.         1.
 0.96666667 1.         1.         1.         0.96774194 1.
 0.96666667 1.         1.         0.96666667 0.93333333 0.96666667
 1.         1.         1.         1.         1.         0.93333333
 0.93333333 1.         0.96666667 1.         0.96666667 1.
 0.96774194 0.93548387 1.         1.         0.96666667 1.
 0.93333333 1.         1.         1.        ]
Mean accuracy: 0.9801827956989249
Dev: 0.027116930120850622


