DT Cross-Validation Results f1:
 [0.75       1.         1.         1.         1.         1.
 0.75       1.         1.         1.         1.         1.
 1.         1.         1.         0.66666667 1.         1.
 1.         1.         1.         1.         1.         1.
 1.         1.         0.8        1.         1.         1.
 1.         0.88888889 1.         1.         0.90909091 0.88888889
 1.         1.         1.         1.         0.85714286 0.75
 0.90909091 1.         0.90909091 1.         1.         1.
 1.         1.         1.         1.         1.         1.
 0.88888889 1.         0.57142857 0.88888889 1.         1.
 0.88888889 0.88888889 1.         1.         1.         1.
 1.         1.         1.         0.85714286 0.66666667 1.
 0.88888889 1.         1.         1.         1.         0.88888889
 1.         1.         1.         1.         0.75       0.57142857
 1.         1.         1.         1.         0.8        1.
 1.         1.         0.88888889 1.         1.         0.90909091
 1.         1.         1.         1.        ]
Mean f1: 0.9542683982683983
Dev: 0.09462645032892977


DT_KM_C Cross-Validation Results f1:
 [0.96969697 1.         1.         1.         0.96551724 1.
 0.96551724 1.         1.         0.93333333 0.96774194 0.96551724
 1.         0.96774194 1.         1.         1.         0.96774194
 1.         1.         1.         1.         1.         1.
 1.         1.         0.96774194 0.96774194 1.         0.93333333
 1.         1.         0.96774194 1.         0.92857143 0.96774194
 0.96774194 1.         1.         1.         0.93333333 1.
 0.96774194 1.         1.         0.96774194 1.         1.
 0.93333333 0.96774194 0.96969697 1.         1.         1.
 1.         1.         1.         1.         0.96774194 0.96551724
 1.         1.         0.90322581 0.93333333 1.         1.
 1.         1.         1.         0.96551724 1.         1.
 0.96551724 0.9375     1.         1.         1.         0.93333333
 0.96551724 1.         1.         0.93333333 1.         1.
 1.         1.         0.96774194 1.         1.         0.96774194
 1.         0.96774194 1.         0.96551724 1.         1.
 0.96774194 1.         1.         0.96551724]
Mean f1: 0.9841555064790605
Dev: 0.023144603185629265


DT_KM_NN Cross-Validation Results f1:
 [0.96969697 0.96774194 0.96774194 1.         0.96551724 1.
 0.96551724 1.         1.         0.96774194 1.         1.
 1.         0.96774194 0.88888889 1.         1.         0.90322581
 1.         0.96551724 1.         0.96969697 1.         1.
 1.         1.         0.96774194 1.         0.96551724 0.93333333
 1.         1.         0.96774194 1.         1.         0.96774194
 0.96774194 1.         1.         0.96551724 0.96774194 1.
 0.96774194 1.         1.         0.96774194 1.         1.
 1.         0.96774194 1.         0.96969697 1.         1.
 1.         1.         1.         0.93333333 0.96774194 0.96551724
 1.         1.         1.         1.         1.         0.96774194
 0.96774194 0.96551724 1.         0.96774194 1.         1.
 0.96551724 1.         0.96774194 0.96774194 0.96774194 1.
 0.96551724 1.         1.         0.94117647 1.         1.
 1.         1.         0.96551724 1.         1.         0.96774194
 0.96774194 1.         0.9375     1.         1.         1.
 1.         0.93333333 1.         1.        ]
Mean f1: 0.9835763513397404
Dev: 0.02278919822502317


DT_KM_COS Cross-Validation Results f1:
 [0.96969697 1.         0.96774194 1.         0.96551724 1.
 0.96551724 1.         0.96774194 0.96774194 1.         0.96551724
 1.         0.96774194 1.         1.         1.         0.9375
 0.96551724 1.         1.         1.         1.         1.
 1.         1.         0.93333333 0.96774194 1.         0.93333333
 1.         1.         0.96774194 1.         0.96551724 0.96774194
 0.96774194 1.         1.         1.         0.96774194 1.
 1.         1.         0.96551724 0.96774194 1.         1.
 1.         0.96774194 0.96969697 1.         1.         1.
 1.         1.         1.         1.         0.96774194 0.92857143
 1.         1.         0.90322581 0.93333333 1.         1.
 1.         1.         1.         1.         1.         1.
 1.         0.9375     1.         1.         1.         0.96774194
 0.96551724 1.         1.         0.93333333 0.96551724 1.
 1.         1.         0.96774194 1.         1.         1.
 1.         0.9375     1.         0.96551724 1.         1.
 0.96774194 1.         1.         1.        ]
Mean f1: 0.9852280871242217
Dev: 0.022425366461869725


DT_KM_COS_MAHA Cross-Validation Results f1:
 [0.96969697 1.         0.96774194 1.         1.         1.
 0.96551724 1.         0.96774194 0.96774194 1.         1.
 1.         1.         1.         1.         1.         0.93333333
 1.         0.96551724 1.         0.96969697 1.         1.
 1.         1.         0.96774194 1.         0.96551724 0.93333333
 1.         0.96774194 0.96774194 1.         1.         0.96774194
 0.96774194 0.96551724 1.         0.96551724 0.96774194 1.
 0.96774194 0.96551724 1.         0.96774194 1.         1.
 0.96774194 0.96774194 1.         0.96969697 1.         1.
 1.         1.         1.         0.96774194 0.96774194 0.96551724
 1.         1.         0.96551724 1.         1.         0.96774194
 0.96774194 0.96551724 1.         0.96774194 1.         1.
 1.         1.         1.         0.9375     0.96774194 1.
 0.96551724 1.         1.         0.96969697 1.         1.
 1.         1.         0.96551724 1.         1.         0.96774194
 1.         1.         0.96774194 1.         1.         1.
 1.         0.96551724 1.         1.        ]
Mean f1: 0.9859174208716756
Dev: 0.01809897647340785


DT_HDBSCAN_NN Cross-Validation Results f1:
 [0.96969697 1.         1.         1.         1.         0.96551724
 0.92857143 1.         1.         0.96774194 0.96774194 1.
 1.         0.96551724 0.96551724 1.         1.         0.90322581
 1.         1.         1.         0.96969697 0.96551724 1.
 0.96551724 1.         1.         1.         1.         0.96551724
 1.         1.         1.         1.         0.96551724 1.
 0.96774194 1.         0.96551724 0.96551724 0.96774194 1.
 1.         0.96551724 1.         0.96551724 1.         0.96551724
 1.         0.96774194 1.         0.96969697 1.         1.
 1.         1.         0.96551724 0.96551724 0.96551724 0.96551724
 1.         1.         1.         1.         1.         0.96774194
 1.         0.96551724 0.96551724 0.96774194 0.96774194 1.
 0.96551724 1.         1.         1.         0.96774194 1.
 0.92857143 1.         0.96774194 0.96969697 1.         0.96551724
 1.         0.96551724 0.96551724 1.         1.         0.96551724
 1.         1.         0.93333333 0.92857143 0.96551724 1.
 1.         0.96551724 1.         1.        ]
Mean f1: 0.9831641169360859
Dev: 0.02111316022625626


DT_HDBSCAN_COS Cross-Validation Results f1:
 [0.96969697 1.         1.         1.         1.         1.
 0.96551724 1.         1.         0.96774194 1.         0.96551724
 1.         1.         1.         1.         1.         0.9375
 0.96551724 1.         1.         1.         1.         0.96774194
 1.         1.         0.96774194 0.96774194 1.         0.93333333
 1.         1.         1.         1.         0.96551724 1.
 0.96774194 0.96551724 1.         1.         0.96774194 1.
 1.         1.         1.         1.         1.         0.96551724
 1.         0.96774194 1.         1.         1.         1.
 1.         1.         0.96774194 1.         0.96774194 0.96551724
 1.         1.         0.90322581 0.96774194 1.         1.
 1.         1.         1.         1.         1.         1.
 0.96551724 0.9375     1.         1.         1.         0.96774194
 0.96551724 1.         1.         0.93333333 0.96551724 1.
 1.         1.         0.96774194 1.         1.         1.
 1.         0.9375     1.         0.96551724 1.         1.
 1.         1.         1.         1.        ]
Mean f1: 0.9878568232379411
Dev: 0.02042355078404743


DT_KM_SCAN_NN Cross-Validation Results f1:
 [0.96969697 1.         1.         1.         1.         1.
 0.96551724 1.         1.         1.         1.         0.96551724
 1.         0.96774194 1.         1.         1.         0.96774194
 1.         1.         1.         1.         1.         0.96774194
 1.         1.         0.96774194 1.         1.         0.96551724
 1.         1.         1.         1.         0.96551724 1.
 0.96774194 1.         1.         1.         0.96774194 1.
 1.         1.         1.         1.         1.         0.96551724
 1.         0.96774194 0.96969697 1.         1.         1.
 1.         1.         1.         0.96551724 0.96774194 0.96551724
 1.         1.         0.90322581 0.93333333 1.         1.
 1.         1.         1.         1.         1.         1.
 1.         0.9375     1.         1.         1.         0.96774194
 0.96551724 1.         1.         0.93333333 0.96551724 1.
 1.         1.         1.         1.         1.         1.
 1.         0.96774194 1.         0.96551724 1.         1.
 1.         1.         1.         1.        ]
Mean f1: 0.9897937818114403
Dev: 0.018941139202769335


DT_KM_SCAN_COS Cross-Validation Results f1:
 [0.96969697 1.         0.93333333 1.         1.         0.96551724
 0.96551724 1.         1.         0.96774194 1.         0.96551724
 1.         0.96774194 1.         1.         1.         0.9375
 0.88888889 1.         1.         1.         0.96551724 0.96551724
 1.         1.         0.96774194 0.96774194 1.         0.93333333
 1.         1.         0.96774194 1.         0.96551724 0.93333333
 0.96774194 0.96551724 1.         1.         0.96774194 1.
 0.96774194 1.         1.         0.93333333 1.         0.96551724
 1.         0.96774194 0.96969697 1.         1.         1.
 1.         0.96551724 0.96774194 0.96551724 0.96774194 0.96551724
 0.96774194 1.         0.90322581 0.96774194 1.         1.
 1.         1.         1.         1.         0.96774194 0.96551724
 1.         0.9375     1.         0.96774194 0.96774194 0.96774194
 0.96551724 1.         1.         0.93333333 0.96774194 0.96551724
 1.         1.         0.96774194 1.         0.96551724 0.96774194
 1.         0.9375     1.         0.96551724 1.         1.
 0.96774194 1.         1.         1.        ]
Mean f1: 0.9798153180863136
Dev: 0.024004897873825065


DT_KM_SCAN_COS_MAHA Cross-Validation Results f1:
 [0.96969697 1.         0.96774194 1.         1.         1.
 0.96551724 1.         1.         0.96774194 1.         0.96551724
 1.         0.96774194 1.         1.         1.         0.96774194
 0.88888889 1.         1.         1.         1.         1.
 1.         1.         0.96774194 0.96774194 0.96551724 0.96551724
 1.         1.         1.         1.         0.96551724 0.96774194
 0.89655172 1.         1.         1.         0.96774194 1.
 0.96774194 1.         1.         1.         0.92857143 1.
 0.96774194 0.96774194 1.         1.         1.         1.
 1.         1.         0.96774194 1.         0.96774194 0.96551724
 1.         1.         0.90322581 0.93333333 1.         1.
 1.         1.         1.         0.96774194 1.         1.
 1.         0.9375     1.         1.         0.96774194 0.96774194
 0.96551724 1.         1.         0.93333333 1.         1.
 1.         1.         1.         1.         1.         1.
 1.         0.96774194 1.         0.96551724 1.         1.
 0.96774194 1.         1.         0.96551724]
Mean f1: 0.9850011149553698
Dev: 0.024117069115751906


RF Cross-Validation Results f1:
 [0.75       0.88888889 1.         1.         0.90909091 0.88888889
 0.66666667 0.85714286 1.         0.85714286 1.         1.
 1.         0.75       0.75       0.66666667 0.88888889 0.88888889
 1.         1.         1.         1.         0.8        0.88888889
 0.88888889 1.         0.8        1.         0.66666667 0.85714286
 0.88888889 0.88888889 0.88888889 1.         0.90909091 0.33333333
 1.         0.85714286 1.         1.         0.66666667 0.75
 0.83333333 1.         1.         1.         0.88888889 0.85714286
 0.88888889 0.85714286 1.         1.         0.88888889 0.88888889
 0.88888889 1.         0.57142857 0.75       0.88888889 1.
 0.75       0.8        0.75       0.88888889 0.88888889 1.
 1.         1.         0.85714286 0.75       0.66666667 0.90909091
 0.88888889 1.         0.88888889 0.88888889 0.88888889 0.8
 1.         1.         0.75       1.         0.88888889 0.33333333
 1.         0.75       1.         0.85714286 0.88888889 1.
 0.85714286 0.88888889 0.88888889 0.90909091 1.         0.90909091
 0.66666667 1.         0.85714286 0.85714286]
Mean f1: 0.8796767676767678
Dev: 0.12956438030286838


RF_KM_C Cross-Validation Results f1:
 [0.96969697 1.         0.96774194 1.         0.96551724 1.
 0.93333333 1.         0.96551724 1.         0.96969697 0.92857143
 1.         0.96774194 1.         1.         1.         0.9375
 0.96551724 1.         0.96969697 1.         1.         1.
 1.         1.         0.96774194 0.96774194 0.96551724 0.93333333
 1.         1.         1.         0.96774194 0.96551724 0.9375
 0.96774194 0.96551724 1.         1.         0.96774194 1.
 0.96774194 1.         0.96774194 1.         1.         0.96551724
 1.         0.9375     0.96969697 1.         0.96774194 1.
 1.         0.9375     0.96774194 0.96551724 0.96774194 0.96551724
 1.         1.         0.93333333 0.93333333 1.         1.
 1.         1.         0.96774194 1.         1.         0.96551724
 0.96551724 0.96774194 1.         1.         0.96774194 0.93333333
 0.96551724 1.         1.         0.93333333 0.96551724 1.
 0.90909091 1.         1.         0.96551724 1.         0.96774194
 1.         0.96774194 1.         0.96551724 1.         1.
 0.9375     1.         1.         0.96551724]
Mean f1: 0.97903838981745
Dev: 0.02366716741640531


RF_KM_NN Cross-Validation Results f1:
 [0.96969697 1.         0.96774194 1.         0.96551724 1.
 0.93333333 1.         1.         1.         1.         0.96551724
 1.         0.96774194 1.         1.         1.         0.9375
 0.96551724 1.         1.         1.         1.         0.96774194
 1.         1.         0.96774194 0.96774194 0.96551724 0.93333333
 1.         1.         1.         1.         0.96551724 0.9375
 0.96774194 0.96551724 1.         0.96774194 0.96774194 1.
 0.96774194 1.         0.96774194 1.         1.         0.96551724
 1.         0.96774194 1.         1.         0.96774194 1.
 1.         1.         0.96774194 0.96551724 0.96774194 0.96551724
 1.         1.         0.90322581 0.93333333 1.         1.
 1.         1.         0.96774194 1.         1.         1.
 0.96551724 0.96774194 1.         1.         0.96774194 0.96774194
 0.96551724 1.         1.         0.93333333 0.96551724 1.
 0.90909091 1.         1.         0.96551724 1.         0.96774194
 1.         0.96774194 1.         0.96551724 1.         1.
 0.9375     1.         1.         0.96551724]
Mean f1: 0.981654443489399
Dev: 0.023029574151456365


RF_KM_COS Cross-Validation Results f1:
 [0.96969697 1.         0.96774194 1.         0.96551724 1.
 0.93333333 1.         1.         1.         1.         0.96551724
 1.         0.96774194 1.         1.         1.         0.9375
 0.96551724 1.         1.         1.         1.         1.
 1.         1.         0.96774194 0.96774194 0.96551724 0.93333333
 1.         1.         1.         1.         0.96551724 0.9375
 0.96774194 0.96551724 1.         1.         0.96774194 1.
 0.96774194 1.         0.96774194 1.         1.         0.96551724
 1.         0.9375     1.         1.         0.96774194 1.
 1.         1.         0.96774194 0.96551724 0.96774194 0.96551724
 1.         1.         0.93333333 0.93333333 1.         1.
 1.         1.         0.96774194 1.         1.         1.
 0.96551724 0.9375     1.         1.         0.96774194 0.96774194
 0.96551724 1.         1.         0.93333333 0.96551724 1.
 0.9375     1.         1.         1.         1.         0.96774194
 1.         0.96774194 1.         0.96551724 1.         1.
 0.9375     1.         1.         0.96551724]
Mean f1: 0.9826247598341592
Dev: 0.022289968908957684


RF_KM_COS_MAHA Cross-Validation Results f1:
 [0.96969697 1.         0.96774194 1.         0.96551724 0.96774194
 0.93333333 1.         1.         1.         1.         0.96551724
 1.         0.96774194 1.         0.96774194 1.         0.9375
 0.96551724 1.         1.         0.96551724 1.         0.96774194
 1.         1.         0.96774194 0.96774194 0.96551724 0.93333333
 1.         1.         1.         1.         1.         0.9375
 0.96774194 0.96551724 1.         1.         0.96774194 0.96774194
 0.96774194 0.96551724 0.96774194 1.         1.         0.96551724
 1.         0.9375     0.96969697 1.         0.96774194 1.
 0.96774194 1.         0.96774194 0.96551724 0.96774194 0.96551724
 1.         1.         0.93333333 0.93333333 0.96774194 1.
 1.         1.         0.96774194 1.         1.         1.
 0.96551724 0.9375     1.         1.         0.96774194 0.96774194
 0.96551724 1.         1.         0.93333333 0.96551724 1.
 0.90909091 1.         1.         1.         1.         0.96774194
 1.         0.96774194 1.         0.96551724 0.96551724 0.9375
 0.9375     1.         1.         0.96551724]
Mean f1: 0.9787874995786565
Dev: 0.022952451974321702


RF_HDBSCAN_NN Cross-Validation Results f1:
 [0.96969697 1.         0.9375     1.         0.96551724 0.96551724
 0.93333333 0.92857143 1.         0.96551724 1.         0.93333333
 1.         0.96551724 1.         1.         1.         0.90322581
 1.         0.96551724 1.         0.9375     0.96551724 1.
 0.96774194 1.         1.         0.96551724 0.96551724 0.93333333
 0.96774194 0.96774194 1.         0.96551724 1.         0.9375
 0.96774194 1.         0.96551724 0.92857143 0.96774194 1.
 0.93333333 0.96551724 0.96774194 1.         0.96551724 0.96551724
 0.96551724 0.96774194 0.96774194 0.96969697 1.         1.
 0.93333333 1.         0.96551724 0.90322581 1.         0.96551724
 0.82758621 1.         1.         0.96551724 1.         0.96774194
 0.96774194 0.96551724 0.96551724 1.         1.         0.96774194
 0.96551724 1.         0.93333333 0.96551724 0.96774194 1.
 0.96551724 0.96774194 0.96774194 0.94117647 0.96774194 0.96551724
 1.         0.92857143 0.96551724 0.96551724 1.         1.
 0.96774194 0.96969697 0.96774194 0.92857143 0.96551724 1.
 1.         0.89655172 1.         1.        ]
Mean f1: 0.9706270381699045
Dev: 0.02941012644665852


RF_HDBSCAN_COS Cross-Validation Results f1:
 [0.96969697 1.         0.96774194 1.         0.96551724 0.96551724
 0.93333333 0.92857143 1.         0.96551724 1.         0.96774194
 1.         0.96551724 1.         1.         1.         0.90322581
 1.         0.96551724 1.         0.96969697 0.96551724 1.
 0.96774194 1.         1.         0.96551724 0.96551724 0.93333333
 0.96774194 0.96774194 1.         1.         1.         0.9375
 0.96774194 1.         0.96551724 0.92857143 0.96774194 1.
 0.93333333 0.96551724 0.96774194 1.         1.         0.96551724
 0.96551724 0.96774194 0.96774194 0.96969697 1.         1.
 1.         1.         0.96551724 0.9375     1.         0.96551724
 0.82758621 1.         1.         0.96551724 1.         0.96774194
 0.96774194 0.96551724 0.96551724 1.         1.         0.96774194
 0.96551724 1.         0.93333333 1.         0.96774194 1.
 0.96551724 1.         0.96774194 0.94117647 0.96774194 0.96551724
 1.         0.92857143 0.96551724 1.         1.         1.
 1.         0.96969697 0.96774194 0.92857143 0.92857143 0.96774194
 1.         0.86666667 1.         1.        ]
Mean f1: 0.9736385041325661
Dev: 0.0298849859531581


RF_KM_SCAN_NN Cross-Validation Results f1:
 [0.96969697 1.         0.96774194 1.         0.96551724 1.
 0.89655172 1.         1.         1.         1.         1.
 1.         1.         1.         1.         1.         0.90322581
 1.         0.96551724 1.         0.96969697 1.         1.
 0.96774194 1.         1.         1.         0.96551724 0.93333333
 1.         0.96774194 1.         1.         1.         0.9375
 0.96774194 1.         1.         0.96551724 0.96774194 1.
 0.93333333 1.         0.96774194 1.         1.         0.96551724
 1.         0.96774194 0.96774194 0.96969697 1.         1.
 1.         1.         0.96551724 0.9375     1.         0.96551724
 0.9375     1.         1.         1.         0.96774194 0.96774194
 0.96774194 0.96551724 0.96551724 1.         1.         1.
 0.96551724 1.         0.96774194 0.96551724 0.96774194 1.
 0.96551724 0.96774194 1.         0.94117647 0.96774194 1.
 1.         0.96551724 0.96551724 1.         0.96774194 1.
 1.         1.         0.96774194 0.96551724 1.         1.
 1.         0.86666667 1.         1.        ]
Mean f1: 0.9813024976751749
Dev: 0.025540828528416902


RF_KM_SCAN_COS Cross-Validation Results f1:
 [0.96969697 1.         0.96774194 1.         0.96551724 1.
 0.93333333 1.         1.         1.         1.         0.96774194
 1.         1.         1.         1.         1.         0.90322581
 1.         0.96551724 1.         0.96969697 1.         1.
 0.96774194 1.         1.         1.         0.96551724 0.93333333
 1.         0.96774194 1.         0.96551724 1.         0.9375
 0.96774194 1.         1.         0.93333333 0.96774194 1.
 0.96774194 1.         0.96774194 1.         1.         0.96551724
 1.         0.90909091 1.         0.96969697 1.         1.
 1.         1.         0.96551724 0.9375     1.         0.96551724
 0.96969697 1.         1.         1.         1.         0.96774194
 0.96774194 0.96551724 0.96551724 1.         1.         1.
 0.96551724 1.         0.96774194 1.         0.96774194 1.
 0.96551724 0.96774194 1.         0.94117647 0.96774194 1.
 1.         0.96551724 0.96551724 1.         1.         1.
 1.         1.         0.96774194 0.96551724 0.96551724 0.9375
 1.         0.90322581 1.         1.        ]
Mean f1: 0.9814689452431797
Dev: 0.024142284253574543


RF_KM_SCAN_COS_MAHA Cross-Validation Results f1:
 [0.96969697 1.         0.96774194 1.         0.96551724 1.
 0.93333333 1.         1.         1.         1.         0.96551724
 1.         0.96774194 1.         1.         1.         0.9375
 0.88888889 1.         1.         1.         1.         1.
 1.         1.         0.96774194 0.96774194 0.96551724 0.93333333
 1.         1.         1.         1.         0.96551724 0.9375
 0.93333333 0.96551724 1.         0.96774194 0.96774194 1.
 0.96774194 1.         0.96774194 1.         1.         0.96551724
 1.         0.96774194 1.         1.         0.96774194 1.
 1.         1.         0.93333333 0.96551724 0.96774194 0.96551724
 0.96774194 1.         0.93333333 0.93333333 1.         1.
 1.         1.         0.96774194 0.92857143 1.         1.
 0.96551724 0.9375     1.         1.         0.96774194 0.93333333
 0.96551724 1.         1.         0.93333333 0.96551724 1.
 0.96774194 1.         1.         1.         1.         0.96774194
 1.         0.96774194 1.         0.92857143 1.         1.
 0.9375     1.         1.         1.        ]
Mean f1: 0.9800469794079361
Dev: 0.025613640932507536


XGB Cross-Validation Results f1:
 [0.66666667 0.88888889 1.         0.88888889 1.         0.88888889
 0.75       1.         1.         1.         1.         0.90909091
 1.         1.         0.88888889 0.72727273 1.         1.
 1.         0.85714286 1.         1.         1.         1.
 1.         1.         0.8        1.         1.         0.88888889
 1.         0.88888889 1.         1.         0.90909091 0.88888889
 0.88888889 0.88888889 1.         1.         0.85714286 0.88888889
 0.83333333 1.         1.         0.88888889 1.         1.
 1.         1.         1.         1.         1.         1.
 0.88888889 0.88888889 0.75       0.75       1.         1.
 0.8        1.         0.88888889 0.88888889 1.         1.
 1.         1.         1.         0.85714286 0.66666667 1.
 0.88888889 1.         1.         1.         0.88888889 0.88888889
 0.88888889 0.85714286 1.         1.         1.         0.88888889
 1.         0.90909091 0.88888889 0.85714286 0.8        1.
 0.85714286 1.         0.88888889 1.         1.         0.90909091
 0.88888889 1.         0.88888889 1.        ]
Mean f1: 0.936564935064935
Dev: 0.08253984165755761


XGB_KM_C Cross-Validation Results f1:
 [0.9375     0.96774194 0.96774194 1.         0.92857143 0.96774194
 0.96551724 1.         1.         1.         1.         0.89655172
 1.         0.96774194 1.         1.         1.         0.96774194
 0.96551724 0.96774194 0.94117647 1.         0.96551724 1.
 1.         1.         0.90322581 0.96774194 0.96551724 0.96551724
 1.         1.         1.         0.96774194 0.93333333 0.96774194
 0.96774194 0.96551724 1.         1.         0.90322581 0.96551724
 0.9375     1.         0.96774194 1.         1.         0.96551724
 1.         0.96774194 1.         0.96551724 1.         0.96551724
 0.96774194 1.         0.93333333 0.93333333 0.96774194 0.96551724
 1.         0.96774194 0.89655172 0.93333333 1.         0.96774194
 1.         0.96774194 1.         1.         1.         1.
 0.96551724 0.9375     1.         1.         0.96774194 0.9375
 0.96551724 1.         1.         0.89655172 0.92857143 0.96774194
 1.         1.         1.         1.         1.         0.96774194
 1.         0.96774194 1.         0.92857143 0.96774194 0.96774194
 0.93333333 1.         1.         0.96551724]
Mean f1: 0.974149701037256
Dev: 0.028496514653994515


XGB_KM_NN Cross-Validation Results f1:
 [0.9375     0.96774194 0.96774194 0.92857143 1.         1.
 1.         1.         1.         1.         1.         0.96774194
 1.         0.96774194 1.         1.         1.         0.96774194
 1.         0.96551724 0.90322581 1.         1.         0.96551724
 1.         1.         0.96774194 0.96774194 0.92857143 1.
 0.96774194 0.96551724 1.         0.96774194 1.         0.96774194
 0.96774194 0.96551724 1.         1.         1.         0.96551724
 0.96774194 1.         0.96774194 0.96551724 1.         1.
 1.         0.96774194 1.         1.         1.         0.96551724
 0.93333333 1.         0.96774194 1.         0.96774194 1.
 1.         1.         0.9375     0.93333333 1.         1.
 1.         0.93333333 1.         1.         1.         1.
 1.         0.9375     0.96551724 0.96551724 0.96774194 0.93333333
 1.         1.         0.96774194 0.96774194 1.         0.96774194
 1.         1.         0.96551724 1.         1.         0.93333333
 0.96774194 0.96774194 1.         1.         1.         0.96774194
 0.96774194 1.         0.96551724 1.        ]
Mean f1: 0.9808603143704647
Dev: 0.023437404781019026


XGB_KM_COS Cross-Validation Results f1:
 [0.96969697 0.93333333 1.         1.         1.         0.96774194
 1.         1.         1.         1.         0.96969697 0.96774194
 1.         0.96774194 1.         0.96551724 1.         0.96774194
 0.96551724 0.96774194 0.94117647 1.         1.         1.
 1.         1.         0.9375     1.         1.         0.96551724
 0.96774194 1.         1.         0.96774194 0.96774194 1.
 0.96774194 1.         0.96551724 1.         0.96774194 1.
 0.96774194 1.         0.93333333 1.         1.         1.
 1.         0.96774194 1.         0.93333333 1.         0.96551724
 0.96774194 1.         0.96774194 0.96774194 0.96774194 1.
 1.         0.96774194 0.90322581 0.96774194 1.         0.96774194
 1.         0.96774194 1.         1.         1.         1.
 1.         0.9375     0.96551724 1.         0.96774194 0.9375
 1.         1.         1.         0.96774194 0.96774194 0.96774194
 0.96774194 1.         1.         1.         1.         0.93333333
 1.         0.96774194 1.         0.96774194 0.96774194 0.96774194
 0.96551724 1.         1.         0.92857143]
Mean f1: 0.9808133779702601
Dev: 0.022571717945585802


XGB_KM_COS_MAHA Cross-Validation Results f1:
 [0.9375     0.93333333 0.93333333 1.         1.         0.96774194
 1.         1.         0.96774194 1.         1.         0.93333333
 1.         0.96774194 1.         1.         1.         0.96774194
 0.96551724 0.96774194 0.94117647 1.         1.         1.
 1.         1.         0.90322581 0.96774194 1.         0.96551724
 0.96969697 1.         1.         0.93333333 0.96774194 0.96551724
 0.96774194 1.         1.         1.         0.96969697 1.
 0.96774194 1.         0.96774194 1.         0.96551724 1.
 1.         0.93333333 0.96774194 0.93333333 1.         1.
 0.96774194 1.         0.96774194 0.96774194 0.96774194 1.
 1.         0.96774194 0.9375     0.89655172 1.         0.96774194
 0.96551724 0.96774194 1.         1.         1.         1.
 1.         0.9375     0.96551724 1.         0.93333333 0.9375
 0.96551724 1.         1.         0.93333333 1.         0.96774194
 0.96774194 1.         1.         1.         0.92857143 0.93333333
 0.96774194 0.96774194 1.         0.96774194 0.93333333 0.96774194
 0.96551724 1.         1.         1.        ]
Mean f1: 0.9764219708512387
Dev: 0.026349412743872626


XGB_HDBSCAN_NN Cross-Validation Results f1:
 [0.96969697 0.96774194 0.96774194 1.         0.96551724 0.96551724
 0.96551724 1.         1.         0.96774194 0.9375     0.93333333
 1.         0.96774194 1.         1.         0.96551724 0.96774194
 1.         1.         0.94117647 1.         1.         0.96551724
 1.         1.         0.90322581 0.96774194 1.         0.96551724
 0.96969697 1.         1.         0.96774194 0.96551724 0.96774194
 0.96774194 1.         0.96551724 0.96551724 1.         1.
 0.9375     1.         0.96774194 1.         1.         0.92857143
 1.         0.96774194 1.         0.93333333 1.         1.
 0.96774194 1.         0.96774194 0.96774194 0.96774194 0.92857143
 1.         0.96774194 0.90322581 0.96774194 0.96551724 0.96774194
 0.96551724 0.96774194 1.         1.         1.         1.
 0.96551724 0.9375     0.96551724 1.         0.96774194 0.96774194
 0.96551724 1.         1.         0.93333333 0.93333333 0.96774194
 1.         0.96551724 1.         1.         1.         0.96774194
 1.         0.93333333 0.96551724 0.93333333 1.         0.96774194
 0.96774194 1.         1.         1.        ]
Mean f1: 0.9759848912919401
Dev: 0.024491577344550316


XGB_HDBSCAN_COS Cross-Validation Results f1:
 [0.96969697 0.96774194 0.96774194 1.         0.96551724 1.
 0.96551724 1.         0.93333333 0.96774194 0.9375     0.96774194
 1.         1.         0.96551724 1.         0.96551724 0.96774194
 1.         1.         0.96969697 1.         1.         0.93333333
 1.         0.96551724 0.90322581 1.         1.         1.
 0.96969697 1.         1.         0.96774194 0.96774194 1.
 0.96774194 1.         0.96551724 0.96551724 0.96969697 1.
 0.96774194 1.         0.96774194 1.         1.         0.92857143
 0.93333333 0.96774194 1.         0.93333333 1.         1.
 0.93333333 1.         1.         1.         0.96774194 0.92857143
 1.         1.         0.90322581 0.96774194 0.96551724 0.96774194
 0.96551724 0.96774194 0.96551724 1.         1.         1.
 0.92857143 0.9375     0.96551724 1.         1.         0.96774194
 0.96551724 1.         1.         0.9375     0.96551724 0.96774194
 1.         0.96551724 1.         0.96551724 1.         0.96774194
 1.         0.93333333 0.96551724 0.93333333 1.         0.96774194
 1.         0.96551724 1.         1.        ]
Mean f1: 0.9761767698838055
Dev: 0.025252730667202426


XGB_KM_SCAN_NN Cross-Validation Results f1:
 [0.86666667 0.96774194 0.96774194 1.         1.         1.
 1.         1.         1.         1.         1.         0.96774194
 1.         0.93333333 1.         0.96551724 1.         0.96774194
 1.         1.         0.96969697 1.         1.         1.
 1.         0.96551724 0.96774194 0.93333333 1.         1.
 0.96969697 1.         1.         0.96774194 1.         0.93333333
 0.93333333 1.         1.         1.         1.         0.92857143
 0.96774194 1.         0.96774194 1.         0.96551724 1.
 1.         0.96774194 1.         1.         1.         1.
 0.93333333 1.         0.96774194 1.         0.93333333 1.
 1.         1.         0.86666667 0.96774194 1.         0.96551724
 0.96551724 0.96774194 1.         1.         1.         1.
 1.         0.9375     1.         0.96551724 0.96774194 0.96774194
 1.         0.96551724 1.         0.93333333 0.96551724 0.96774194
 1.         1.         1.         1.         1.         0.96774194
 1.         0.96774194 0.92857143 1.         1.         0.96774194
 0.96774194 1.         1.         1.        ]
Mean f1: 0.9811193816843151
Dev: 0.027613280813605673


XGB_KM_SCAN_COS Cross-Validation Results f1:
 [0.96969697 0.96774194 0.96774194 0.96551724 1.         1.
 1.         1.         1.         0.96551724 0.9375     0.93333333
 1.         0.96774194 0.96551724 1.         0.96551724 0.96774194
 1.         1.         0.96969697 1.         1.         0.96551724
 0.92857143 1.         0.9375     0.96774194 1.         1.
 0.90322581 1.         1.         0.96774194 0.96774194 0.96774194
 0.96774194 1.         0.96551724 1.         0.96774194 0.92857143
 0.9375     1.         0.96774194 1.         1.         1.
 1.         0.96774194 1.         0.96774194 0.96551724 0.96551724
 0.96774194 1.         0.96774194 0.96774194 0.96774194 0.96551724
 1.         0.93333333 0.9375     0.96774194 0.96551724 0.96774194
 1.         0.96774194 0.96551724 1.         0.96774194 1.
 0.96551724 0.90322581 1.         1.         0.96774194 0.9375
 1.         1.         1.         0.96774194 0.96551724 0.96774194
 0.96551724 1.         1.         0.96551724 1.         0.96774194
 1.         0.96774194 1.         0.96774194 0.96551724 0.93333333
 0.96774194 0.96551724 1.         1.        ]
Mean f1: 0.976010557064367
Dev: 0.023545001878845978


XGB_KM_SCAN_COS_MAHA Cross-Validation Results f1:
 [0.96969697 0.96774194 1.         1.         1.         0.93333333
 0.96551724 1.         0.96551724 0.96774194 0.96969697 0.96774194
 1.         0.96774194 0.92857143 1.         1.         0.93333333
 1.         0.96774194 0.94117647 0.96551724 1.         1.
 0.96551724 1.         0.90322581 0.96774194 1.         0.96551724
 0.9375     1.         0.92857143 0.96774194 0.96774194 1.
 0.96774194 1.         1.         1.         0.93333333 0.96551724
 0.96774194 0.92857143 0.96774194 1.         1.         1.
 1.         0.96774194 1.         0.96774194 1.         0.96551724
 0.96774194 0.96551724 0.96774194 0.96774194 0.93333333 0.96551724
 1.         0.96774194 0.93333333 0.96774194 1.         0.96774194
 1.         0.96774194 0.96551724 1.         1.         1.
 1.         0.9375     0.96551724 1.         1.         0.93333333
 0.92857143 1.         1.         0.96774194 0.88888889 0.96774194
 0.96774194 1.         1.         0.96551724 1.         0.96774194
 1.         0.96774194 1.         0.93333333 0.96774194 0.96774194
 1.         1.         1.         1.        ]
Mean f1: 0.9751054330755796
Dev: 0.025832144299253144


XGBRF Cross-Validation Results f1:
 [0.66666667 1.         1.         1.         1.         1.
 0.75       1.         0.88888889 1.         1.         0.90909091
 1.         1.         1.         0.72727273 1.         1.
 1.         1.         1.         1.         1.         1.
 1.         1.         0.8        0.88888889 0.66666667 0.88888889
 0.88888889 1.         1.         1.         0.90909091 0.88888889
 1.         0.88888889 1.         1.         1.         0.8
 0.83333333 1.         1.         1.         1.         1.
 1.         1.         1.         1.         1.         1.
 0.88888889 1.         0.57142857 0.8        1.         0.88888889
 0.8        1.         1.         1.         1.         0.90909091
 1.         1.         1.         0.85714286 0.66666667 1.
 0.8        1.         1.         1.         1.         0.88888889
 0.88888889 1.         1.         1.         1.         0.57142857
 1.         0.90909091 1.         1.         0.8        1.
 1.         0.88888889 0.88888889 1.         1.         0.90909091
 0.90909091 1.         0.88888889 1.        ]
Mean f1: 0.9412070707070705
Dev: 0.09950709165566257


XGBRF_KM_C Cross-Validation Results f1:
 [0.96969697 0.96774194 0.96774194 1.         0.96551724 0.96774194
 1.         1.         1.         0.9375     0.96969697 0.96774194
 1.         0.93333333 1.         1.         1.         0.9375
 0.92857143 0.96774194 0.94117647 1.         1.         1.
 1.         1.         0.9375     0.96774194 0.96551724 0.96774194
 0.96969697 1.         0.96774194 0.89655172 0.96774194 0.96774194
 0.96774194 0.96551724 1.         1.         0.96969697 1.
 0.9375     1.         0.96774194 0.96774194 1.         0.96551724
 1.         0.96774194 1.         0.96774194 1.         1.
 0.96774194 1.         0.96774194 0.93333333 0.96774194 1.
 1.         0.96774194 0.9375     0.93333333 1.         0.96774194
 1.         0.96774194 1.         1.         1.         1.
 0.96551724 0.9375     1.         0.96774194 0.96774194 0.9375
 1.         1.         1.         0.96774194 0.96774194 0.96774194
 0.96774194 1.         0.96774194 1.         1.         0.96774194
 1.         0.9375     1.         1.         0.96774194 0.96774194
 0.96774194 1.         1.         0.96551724]
Mean f1: 0.9770593288584523
Dev: 0.023521435750328685


XGBRF_KM_NN Cross-Validation Results f1:
 [0.96969697 0.96774194 0.96774194 1.         0.96551724 0.96774194
 1.         1.         1.         0.9375     0.96969697 0.96774194
 1.         0.96774194 1.         1.         1.         0.9375
 0.96551724 0.96774194 0.94117647 1.         1.         1.
 1.         1.         0.9375     0.96774194 0.96551724 0.96774194
 0.96969697 1.         0.96774194 0.96774194 0.93333333 0.96774194
 0.96774194 1.         1.         1.         0.9375     1.
 0.9375     1.         0.96774194 0.96774194 1.         0.96551724
 1.         0.96774194 0.96969697 0.96774194 1.         1.
 0.96774194 1.         0.96774194 0.93333333 0.96774194 1.
 1.         0.96774194 0.9375     0.96774194 1.         1.
 1.         0.96774194 1.         1.         1.         1.
 0.96551724 0.9375     1.         0.96774194 0.96774194 0.9375
 1.         1.         1.         0.96774194 1.         0.93333333
 0.96774194 1.         0.96774194 1.         1.         0.96774194
 1.         0.9375     1.         1.         0.96774194 0.96774194
 0.96774194 1.         1.         0.96551724]
Mean f1: 0.9785056779765199
Dev: 0.02209405485006188


XGBRF_KM_COS Cross-Validation Results f1:
 [0.96969697 0.96774194 0.96774194 1.         1.         0.96774194
 1.         1.         1.         0.9375     0.96969697 0.96774194
 1.         0.96774194 1.         1.         1.         0.9375
 0.96551724 0.96774194 0.94117647 1.         1.         1.
 1.         1.         0.9375     0.96774194 0.96551724 0.96774194
 0.96969697 1.         0.96774194 0.96774194 0.96774194 0.96774194
 0.96774194 1.         1.         1.         0.96969697 1.
 0.9375     1.         0.96774194 0.96774194 1.         0.96551724
 1.         0.96774194 0.96969697 0.96774194 1.         1.
 0.96774194 1.         0.96774194 0.93333333 0.96774194 1.
 1.         0.96774194 0.9375     0.96774194 1.         0.96774194
 1.         0.93333333 1.         1.         1.         1.
 1.         0.9375     1.         0.96774194 0.96774194 0.9375
 1.         1.         1.         0.96774194 0.96774194 0.96774194
 0.96774194 1.         0.96774194 1.         1.         0.96774194
 1.         0.9375     1.         0.96774194 0.96774194 0.96774194
 0.96774194 1.         1.         0.96551724]
Mean f1: 0.9788936469319249
Dev: 0.021170566533623876


XGBRF_KM_COS_MAHA Cross-Validation Results f1:
 [0.96969697 0.96774194 0.96774194 1.         1.         0.96774194
 0.96551724 1.         1.         0.96774194 0.96969697 0.96774194
 1.         0.96774194 1.         1.         1.         0.9375
 0.92857143 0.96774194 0.91428571 0.96551724 1.         1.
 1.         1.         0.9375     0.96774194 1.         1.
 0.96969697 1.         0.96774194 0.96774194 0.96774194 0.96774194
 0.96774194 1.         1.         1.         0.96969697 1.
 0.9375     1.         0.96774194 0.96774194 1.         1.
 1.         0.96774194 1.         0.96774194 1.         1.
 0.96774194 1.         0.96774194 0.96774194 0.93333333 1.
 1.         0.96774194 0.9375     0.96774194 1.         0.96774194
 1.         0.96774194 1.         1.         1.         1.
 1.         0.9375     1.         0.96774194 0.96774194 0.9375
 1.         1.         1.         0.96774194 0.96774194 0.96774194
 0.93333333 1.         0.96774194 1.         1.         0.96774194
 0.96774194 0.9375     1.         0.96774194 0.96774194 0.96774194
 0.96774194 1.         1.         1.        ]
Mean f1: 0.9792055584848967
Dev: 0.02212530964808265


XGBRF_HDBSCAN_NN Cross-Validation Results f1:
 [0.96969697 0.96774194 1.         1.         0.96551724 1.
 0.96551724 1.         1.         0.96774194 0.9375     0.93333333
 1.         1.         1.         1.         1.         0.96774194
 0.96551724 1.         0.9375     0.96551724 1.         1.
 1.         1.         0.9375     1.         1.         1.
 0.96969697 0.96551724 1.         0.96774194 0.96551724 1.
 0.96774194 1.         1.         1.         1.         1.
 0.96774194 1.         0.93333333 0.96551724 1.         1.
 1.         0.96774194 1.         0.96774194 1.         1.
 0.96774194 1.         0.96551724 0.96774194 0.93333333 0.96551724
 1.         0.93333333 1.         0.96774194 1.         0.93333333
 1.         0.96774194 1.         1.         0.96969697 1.
 1.         0.9375     1.         1.         0.92857143 0.96774194
 0.96551724 1.         1.         0.89655172 0.96774194 0.96774194
 0.96551724 1.         1.         1.         1.         1.
 0.96774194 0.96774194 1.         0.93333333 0.96551724 0.96774194
 1.         1.         1.         1.        ]
Mean f1: 0.9808977579706166
Dev: 0.02394989058900845


XGBRF_HDBSCAN_COS Cross-Validation Results f1:
 [0.96969697 0.96774194 1.         1.         1.         1.
 0.96551724 0.96551724 0.96551724 0.96774194 0.96969697 0.93333333
 1.         0.96551724 1.         1.         1.         0.96774194
 1.         0.96551724 0.96969697 1.         0.96551724 1.
 1.         1.         0.90322581 1.         1.         0.96551724
 0.96969697 1.         1.         0.96774194 0.96551724 0.92857143
 0.96774194 1.         1.         0.96551724 0.96774194 0.92857143
 0.96774194 0.96551724 0.96774194 1.         1.         1.
 1.         0.93333333 1.         0.96774194 0.96551724 1.
 0.96774194 1.         0.92857143 0.92857143 0.96774194 0.96551724
 0.96774194 1.         0.96551724 0.96774194 1.         0.96774194
 1.         0.96774194 0.96551724 1.         0.93333333 1.
 1.         0.90322581 0.96551724 1.         1.         0.93333333
 0.96551724 1.         0.96774194 0.93333333 0.89655172 0.96774194
 1.         0.92857143 1.         1.         0.96551724 1.
 1.         0.96774194 1.         0.85714286 1.         0.96774194
 1.         1.         1.         0.84615385]
Mean f1: 0.9739550160629136
Dev: 0.031155311255834633


XGBRF_KM_SCAN_NN Cross-Validation Results f1:
 [0.96969697 0.96774194 1.         0.96551724 1.         1.
 0.92857143 1.         0.96551724 0.96774194 0.96969697 0.86666667
 1.         1.         1.         1.         1.         0.96774194
 1.         0.92857143 0.94117647 0.96551724 1.         0.96774194
 1.         1.         0.9375     1.         0.96551724 1.
 0.96969697 1.         1.         0.96774194 0.93333333 1.
 0.93333333 1.         1.         0.92857143 0.96774194 1.
 0.93333333 0.96551724 0.96774194 1.         1.         1.
 0.96774194 0.96774194 0.96969697 0.96774194 1.         1.
 0.93333333 1.         0.92857143 0.89655172 0.96774194 1.
 0.96774194 0.96774194 1.         0.93333333 1.         0.96774194
 1.         0.93333333 1.         0.89655172 0.96969697 1.
 1.         0.9375     0.92857143 1.         1.         0.90322581
 0.92857143 1.         1.         0.93333333 0.96774194 0.96774194
 0.96774194 0.92857143 1.         0.96551724 0.96551724 1.
 1.         0.96774194 1.         0.89655172 1.         0.96774194
 0.96551724 1.         1.         0.92857143]
Mean f1: 0.9719734843173796
Dev: 0.031268861817991926


XGBRF_KM_SCAN_COS Cross-Validation Results f1:
 [0.96969697 0.96774194 1.         1.         1.         0.96774194
 1.         1.         0.96551724 0.96774194 0.96969697 0.93333333
 1.         0.96774194 1.         1.         0.92857143 0.96774194
 1.         0.96551724 0.94117647 1.         0.96551724 1.
 1.         1.         0.9375     0.96774194 1.         1.
 0.96969697 1.         1.         0.96774194 0.96551724 1.
 0.93333333 0.96551724 1.         0.96551724 1.         1.
 0.96774194 0.96551724 0.96774194 1.         1.         1.
 1.         0.96774194 1.         0.96774194 1.         1.
 0.96774194 1.         0.92857143 0.92857143 0.96774194 1.
 1.         1.         0.96774194 0.96774194 1.         0.96774194
 1.         0.96774194 1.         0.96551724 1.         1.
 1.         0.9375     0.96551724 1.         1.         0.93333333
 1.         1.         1.         0.96774194 0.96774194 0.96774194
 1.         0.92857143 1.         1.         0.96551724 1.
 1.         0.96774194 1.         0.89655172 1.         0.96774194
 1.         1.         1.         0.92857143]
Mean f1: 0.9801017124111249
Dev: 0.024240844301726367


XGBRF_KM_SCAN_COS_MAHA Cross-Validation Results f1:
 [0.96969697 0.96774194 0.96774194 1.         0.96551724 0.96774194
 1.         1.         1.         0.96774194 0.96969697 0.96774194
 1.         0.96774194 1.         1.         1.         0.9375
 0.96551724 0.96774194 0.94117647 1.         1.         1.
 1.         1.         0.9375     0.96774194 0.96551724 0.96774194
 0.96969697 1.         0.96774194 0.96774194 0.93333333 0.96774194
 0.96774194 0.96551724 1.         1.         0.96969697 1.
 0.96774194 1.         0.96774194 0.96774194 1.         0.96551724
 1.         0.96774194 1.         0.96774194 1.         1.
 0.96774194 1.         0.96774194 0.89655172 0.96774194 1.
 1.         0.96774194 0.9375     0.96774194 1.         0.96774194
 1.         0.96774194 1.         1.         1.         1.
 0.96551724 0.9375     1.         0.96774194 0.96774194 0.9375
 1.         1.         1.         0.96774194 0.96551724 0.96774194
 0.96774194 1.         1.         1.         1.         0.96774194
 1.         0.9375     1.         0.96774194 0.96774194 0.96774194
 0.96774194 1.         1.         0.96551724]
Mean f1: 0.9786995507981736
Dev: 0.021512498542972644


