DT Cross-Validation Results precision:
 [0.75       1.         1.         1.         1.         1.
 1.         1.         1.         1.         1.         1.
 1.         1.         1.         0.75       1.         1.
 1.         1.         1.         1.         1.         1.
 1.         1.         0.8        1.         1.         1.
 1.         1.         1.         1.         0.83333333 1.
 1.         1.         1.         1.         1.         1.
 0.83333333 1.         0.83333333 1.         1.         1.
 1.         1.         1.         1.         1.         1.
 1.         1.         1.         0.8        1.         1.
 0.8        1.         1.         1.         1.         1.
 1.         1.         1.         1.         1.         1.
 1.         1.         1.         1.         1.         0.8
 1.         1.         1.         1.         1.         1.
 1.         1.         1.         1.         0.66666667 1.
 1.         1.         1.         1.         1.         0.83333333
 1.         1.         1.         1.        ]
Mean precision: 0.977
Dev: 0.06740342886101731


DT_KM_C Cross-Validation Results precision:
 [0.94117647 1.         1.         1.         1.         1.
 1.         1.         1.         0.93333333 1.         1.
 1.         0.9375     1.         1.         1.         0.9375
 1.         1.         1.         1.         1.         1.
 1.         1.         0.9375     0.9375     1.         0.93333333
 1.         1.         0.9375     1.         1.         0.9375
 0.9375     1.         1.         1.         1.         1.
 0.9375     1.         1.         0.9375     1.         1.
 0.93333333 0.9375     0.94117647 1.         1.         1.
 1.         1.         1.         1.         0.9375     1.
 1.         1.         0.875      0.93333333 1.         1.
 1.         1.         1.         1.         1.         1.
 1.         0.88235294 1.         1.         1.         0.93333333
 1.         1.         1.         0.93333333 1.         1.
 1.         1.         0.9375     1.         1.         0.9375
 1.         0.9375     1.         1.         1.         1.
 0.9375     1.         1.         1.        ]
Mean precision: 0.9830220588235293
Dev: 0.03046663973631447


DT_KM_NN Cross-Validation Results precision:
 [0.94117647 1.         0.9375     1.         1.         1.
 1.         1.         1.         0.9375     1.         1.
 1.         0.9375     1.         1.         1.         0.875
 1.         1.         1.         0.94117647 1.         1.
 1.         1.         0.9375     1.         1.         0.93333333
 1.         1.         0.9375     1.         1.         0.9375
 0.9375     1.         1.         1.         1.         1.
 0.9375     1.         1.         0.9375     1.         1.
 1.         0.9375     1.         0.94117647 1.         1.
 1.         1.         1.         0.93333333 0.9375     1.
 1.         1.         1.         1.         1.         0.9375
 0.9375     1.         1.         0.9375     1.         1.
 1.         1.         0.9375     0.9375     0.9375     1.
 1.         1.         1.         0.88888889 1.         1.
 1.         1.         1.         1.         1.         0.9375
 1.         1.         0.88235294 1.         1.         1.
 1.         0.93333333 1.         1.        ]
Mean precision: 0.9814477124183008
Dev: 0.03184638569468577


DT_KM_COS Cross-Validation Results precision:
 [0.94117647 1.         0.9375     1.         1.         1.
 1.         1.         0.9375     0.9375     1.         1.
 1.         0.9375     1.         1.         1.         0.88235294
 1.         1.         1.         1.         1.         1.
 1.         1.         0.93333333 0.9375     1.         0.93333333
 1.         1.         0.9375     1.         1.         0.9375
 0.9375     1.         1.         1.         1.         1.
 1.         1.         1.         0.9375     1.         1.
 1.         0.9375     0.94117647 1.         1.         1.
 1.         1.         1.         1.         0.9375     1.
 1.         1.         0.875      0.93333333 1.         1.
 1.         1.         1.         1.         1.         1.
 1.         0.88235294 1.         1.         1.         0.9375
 1.         1.         1.         0.93333333 1.         1.
 1.         1.         0.9375     1.         1.         1.
 1.         0.88235294 1.         1.         1.         1.
 0.9375     1.         1.         1.        ]
Mean precision: 0.9826274509803922
Dev: 0.03261175223877191


DT_KM_COS_MAHA Cross-Validation Results precision:
 [0.94117647 1.         0.9375     1.         1.         1.
 1.         1.         0.9375     0.9375     1.         1.
 1.         1.         1.         1.         1.         0.93333333
 1.         1.         1.         0.94117647 1.         1.
 1.         1.         0.9375     1.         1.         0.93333333
 1.         1.         0.9375     1.         1.         0.9375
 0.9375     1.         1.         1.         1.         1.
 0.9375     1.         1.         0.9375     1.         1.
 0.9375     0.9375     1.         0.94117647 1.         1.
 1.         1.         1.         0.9375     0.9375     1.
 1.         1.         1.         1.         1.         0.9375
 0.9375     1.         1.         0.9375     1.         1.
 1.         1.         1.         0.88235294 0.9375     1.
 1.         1.         1.         0.94117647 1.         1.
 1.         1.         1.         1.         1.         0.9375
 1.         1.         0.9375     1.         1.         1.
 1.         1.         1.         1.        ]
Mean precision: 0.9832622549019608
Dev: 0.02877048638654712


DT_HDBSCAN_NN Cross-Validation Results precision:
 [0.94117647 1.         1.         1.         1.         1.
 1.         1.         1.         0.9375     1.         1.
 1.         1.         1.         1.         1.         0.875
 1.         1.         1.         0.94117647 1.         1.
 1.         1.         1.         1.         1.         1.
 1.         1.         1.         1.         1.         1.
 0.9375     1.         1.         1.         1.         1.
 1.         1.         1.         1.         1.         1.
 1.         0.9375     1.         0.94117647 1.         1.
 1.         1.         1.         1.         1.         1.
 1.         1.         1.         1.         1.         0.9375
 1.         1.         1.         0.9375     1.         1.
 1.         1.         1.         1.         0.9375     1.
 1.         1.         1.         0.94117647 1.         1.
 1.         1.         1.         1.         1.         1.
 1.         1.         0.93333333 1.         1.         1.
 1.         1.         1.         1.        ]
Mean precision: 0.9919803921568628
Dev: 0.022564654639169766


DT_HDBSCAN_COS Cross-Validation Results precision:
 [0.94117647 1.         1.         1.         1.         1.
 1.         1.         1.         0.9375     1.         1.
 1.         1.         1.         1.         1.         0.88235294
 1.         1.         1.         1.         1.         0.9375
 1.         1.         0.9375     0.9375     1.         0.93333333
 1.         1.         1.         1.         1.         1.
 0.9375     1.         1.         1.         1.         1.
 1.         1.         1.         1.         1.         1.
 1.         0.9375     1.         1.         1.         1.
 1.         1.         0.9375     1.         0.9375     1.
 1.         1.         0.875      0.9375     1.         1.
 1.         1.         1.         1.         1.         1.
 1.         0.88235294 1.         1.         1.         0.9375
 1.         1.         1.         0.93333333 1.         1.
 1.         1.         0.9375     1.         1.         1.
 1.         0.88235294 1.         1.         1.         1.
 1.         1.         1.         1.        ]
Mean precision: 0.9864240196078433
Dev: 0.0306650637517687


DT_KM_SCAN_NN Cross-Validation Results precision:
 [0.94117647 1.         1.         1.         1.         1.
 1.         1.         1.         1.         1.         1.
 1.         0.9375     1.         1.         1.         0.9375
 1.         1.         1.         1.         1.         0.9375
 1.         1.         0.9375     1.         1.         1.
 1.         1.         1.         1.         1.         1.
 0.9375     1.         1.         1.         1.         1.
 1.         1.         1.         1.         1.         1.
 1.         0.9375     0.94117647 1.         1.         1.
 1.         1.         1.         1.         0.9375     1.
 1.         1.         0.875      0.93333333 1.         1.
 1.         1.         1.         1.         1.         1.
 1.         0.88235294 1.         1.         1.         0.9375
 1.         1.         1.         0.93333333 1.         1.
 1.         1.         1.         1.         1.         1.
 1.         0.9375     1.         1.         1.         1.
 1.         1.         1.         1.        ]
Mean precision: 0.9894387254901962
Dev: 0.026320587500374304


DT_KM_SCAN_COS Cross-Validation Results precision:
 [0.94117647 1.         0.93333333 1.         1.         1.
 1.         1.         1.         0.9375     1.         1.
 1.         0.9375     1.         1.         1.         0.88235294
 1.         1.         1.         1.         1.         1.
 1.         1.         0.9375     0.9375     1.         0.93333333
 1.         1.         0.9375     1.         1.         0.93333333
 0.9375     1.         1.         1.         1.         1.
 0.9375     1.         1.         0.93333333 1.         1.
 1.         0.9375     0.94117647 1.         1.         1.
 1.         1.         0.9375     1.         0.9375     1.
 1.         1.         0.875      0.9375     1.         1.
 1.         1.         1.         1.         1.         1.
 1.         0.88235294 1.         0.9375     0.9375     0.9375
 1.         1.         1.         0.93333333 0.9375     1.
 1.         1.         0.9375     1.         1.         0.9375
 1.         0.88235294 1.         1.         1.         1.
 0.9375     1.         1.         1.        ]
Mean precision: 0.9794607843137254
Dev: 0.03382553631443058


DT_KM_SCAN_COS_MAHA Cross-Validation Results precision:
 [0.94117647 1.         0.9375     1.         1.         1.
 1.         1.         1.         0.9375     1.         1.
 1.         0.9375     1.         1.         1.         0.9375
 1.         1.         1.         1.         1.         1.
 1.         1.         0.9375     0.9375     1.         1.
 1.         1.         1.         1.         1.         0.9375
 0.92857143 1.         1.         1.         1.         1.
 0.9375     1.         1.         1.         1.         1.
 0.9375     0.9375     1.         1.         1.         1.
 1.         1.         0.9375     1.         0.9375     1.
 1.         1.         0.875      0.93333333 1.         1.
 1.         1.         1.         0.9375     1.         1.
 1.         0.88235294 1.         1.         0.9375     0.9375
 1.         1.         1.         0.93333333 1.         1.
 1.         1.         1.         1.         1.         1.
 1.         0.9375     1.         1.         1.         1.
 0.9375     1.         1.         1.        ]
Mean precision: 0.9843126750700282
Dev: 0.029784895739560193


RF Cross-Validation Results precision:
 [0.75       1.         1.         1.         0.83333333 1.
 0.75       1.         1.         1.         1.         1.
 1.         1.         1.         0.75       1.         0.8
 1.         1.         1.         1.         0.8        1.
 1.         1.         0.8        1.         1.         1.
 0.8        1.         1.         1.         0.83333333 1.
 1.         1.         1.         1.         1.         1.
 0.71428571 1.         1.         1.         1.         1.
 0.8        1.         1.         1.         1.         1.
 1.         1.         1.         0.75       0.8        1.
 0.75       0.8        1.         1.         1.         1.
 1.         1.         1.         0.75       1.         0.83333333
 1.         1.         1.         1.         1.         0.66666667
 1.         1.         0.75       1.         1.         1.
 1.         1.         1.         1.         0.8        1.
 1.         1.         1.         0.83333333 1.         0.83333333
 0.75       1.         1.         1.        ]
Mean precision: 0.9494761904761905
Dev: 0.0946766666175677


RF_KM_C Cross-Validation Results precision:
 [0.94117647 1.         0.9375     1.         1.         1.
 0.93333333 1.         1.         1.         0.94117647 1.
 1.         0.9375     1.         1.         1.         0.88235294
 1.         1.         0.94117647 1.         1.         1.
 1.         1.         0.9375     0.9375     1.         0.93333333
 1.         1.         1.         0.9375     1.         0.88235294
 0.9375     1.         1.         1.         1.         1.
 0.9375     1.         0.9375     1.         1.         1.
 1.         0.88235294 0.94117647 1.         0.9375     1.
 1.         0.88235294 0.9375     1.         0.9375     1.
 1.         1.         0.93333333 0.93333333 1.         1.
 1.         1.         0.9375     1.         1.         1.
 1.         0.9375     1.         1.         0.9375     0.93333333
 1.         1.         1.         0.93333333 1.         1.
 0.83333333 1.         1.         1.         1.         0.9375
 1.         0.9375     1.         1.         1.         1.
 0.88235294 1.         1.         1.        ]
Mean precision: 0.9760980392156863
Dev: 0.03779670014828269


RF_KM_NN Cross-Validation Results precision:
 [0.94117647 1.         0.9375     1.         1.         1.
 0.93333333 1.         1.         1.         1.         1.
 1.         0.9375     1.         1.         1.         0.88235294
 1.         1.         1.         1.         1.         0.9375
 1.         1.         0.9375     0.9375     1.         0.93333333
 1.         1.         1.         1.         1.         0.88235294
 0.9375     1.         1.         0.9375     1.         1.
 0.9375     1.         0.9375     1.         1.         1.
 1.         0.9375     1.         1.         0.9375     1.
 1.         1.         0.9375     1.         0.9375     1.
 1.         1.         0.875      0.93333333 1.         1.
 1.         1.         0.9375     1.         1.         1.
 1.         0.9375     1.         1.         0.9375     0.9375
 1.         1.         1.         0.93333333 1.         1.
 0.83333333 1.         1.         1.         1.         0.9375
 1.         0.9375     1.         1.         1.         1.
 0.88235294 1.         1.         1.        ]
Mean precision: 0.9784240196078432
Dev: 0.03658274340850061


RF_KM_COS Cross-Validation Results precision:
 [0.94117647 1.         0.9375     1.         1.         1.
 0.93333333 1.         1.         1.         1.         1.
 1.         0.9375     1.         1.         1.         0.88235294
 1.         1.         1.         1.         1.         1.
 1.         1.         0.9375     0.9375     1.         0.93333333
 1.         1.         1.         1.         1.         0.88235294
 0.9375     1.         1.         1.         1.         1.
 0.9375     1.         0.9375     1.         1.         1.
 1.         0.88235294 1.         1.         0.9375     1.
 1.         1.         0.9375     1.         0.9375     1.
 1.         1.         0.93333333 0.93333333 1.         1.
 1.         1.         0.9375     1.         1.         1.
 1.         0.88235294 1.         1.         0.9375     0.9375
 1.         1.         1.         0.93333333 1.         1.
 0.88235294 1.         1.         1.         1.         0.9375
 1.         0.9375     1.         1.         1.         1.
 0.88235294 1.         1.         1.        ]
Mean precision: 0.9796446078431373
Dev: 0.03548055291954651


RF_KM_COS_MAHA Cross-Validation Results precision:
 [0.94117647 1.         0.9375     1.         1.         0.9375
 0.93333333 1.         1.         1.         1.         1.
 1.         0.9375     1.         0.9375     1.         0.88235294
 1.         1.         1.         1.         1.         0.9375
 1.         1.         0.9375     0.9375     1.         0.93333333
 1.         1.         1.         1.         1.         0.88235294
 0.9375     1.         1.         1.         1.         0.9375
 0.9375     1.         0.9375     1.         1.         1.
 1.         0.88235294 0.94117647 1.         0.9375     1.
 0.9375     1.         0.9375     1.         0.9375     1.
 1.         1.         0.93333333 0.93333333 0.9375     1.
 1.         1.         0.9375     1.         1.         1.
 1.         0.88235294 1.         1.         0.9375     0.9375
 1.         1.         1.         0.93333333 1.         1.
 0.83333333 1.         1.         1.         1.         0.9375
 1.         0.9375     1.         1.         1.         0.88235294
 0.88235294 1.         1.         1.        ]
Mean precision: 0.9736397058823529
Dev: 0.0390525463096825


RF_HDBSCAN_NN Cross-Validation Results precision:
 [0.94117647 1.         0.88235294 1.         1.         1.
 0.93333333 1.         1.         1.         1.         1.
 1.         1.         1.         1.         1.         0.875
 1.         1.         1.         0.9375     1.         1.
 0.9375     1.         1.         1.         1.         0.93333333
 1.         1.         1.         1.         1.         0.88235294
 0.9375     1.         1.         1.         1.         1.
 0.93333333 1.         0.9375     1.         1.         1.
 1.         0.9375     1.         0.94117647 1.         1.
 0.93333333 1.         1.         0.875      1.         1.
 0.92307692 1.         1.         1.         1.         0.9375
 0.9375     1.         1.         1.         1.         1.
 1.         1.         0.93333333 1.         0.9375     1.
 1.         0.9375     1.         0.88888889 0.9375     1.
 1.         1.         1.         1.         1.         1.
 1.         0.94117647 0.9375     1.         1.         1.
 1.         0.92857143 1.         1.        ]
Mean precision: 0.9805793920132156
Dev: 0.03466296786104685


RF_HDBSCAN_COS Cross-Validation Results precision:
 [0.94117647 1.         0.9375     1.         1.         1.
 0.93333333 1.         1.         1.         1.         1.
 1.         1.         1.         1.         1.         0.875
 1.         1.         1.         0.94117647 1.         1.
 0.9375     1.         1.         1.         1.         0.93333333
 1.         1.         1.         1.         1.         0.88235294
 0.9375     1.         1.         1.         1.         1.
 0.93333333 1.         0.9375     1.         1.         1.
 1.         0.9375     1.         0.94117647 1.         1.
 1.         1.         1.         0.88235294 1.         1.
 0.92307692 1.         1.         1.         1.         0.9375
 0.9375     1.         1.         1.         1.         1.
 1.         1.         0.93333333 1.         0.9375     1.
 1.         1.         1.         0.88888889 0.9375     1.
 1.         1.         1.         1.         1.         1.
 1.         0.94117647 0.9375     1.         1.         0.9375
 1.         0.86666667 1.         1.        ]
Mean precision: 0.9812887757667168
Dev: 0.03448530766136151


RF_KM_SCAN_NN Cross-Validation Results precision:
 [0.94117647 1.         0.9375     1.         1.         1.
 0.92857143 1.         1.         1.         1.         1.
 1.         1.         1.         1.         1.         0.875
 1.         1.         1.         0.94117647 1.         1.
 0.9375     1.         1.         1.         1.         0.93333333
 1.         1.         1.         1.         1.         0.88235294
 0.9375     1.         1.         1.         1.         1.
 0.93333333 1.         0.9375     1.         1.         1.
 1.         0.9375     1.         0.94117647 1.         1.
 1.         1.         1.         0.88235294 1.         1.
 0.9375     1.         1.         1.         0.9375     0.9375
 0.9375     1.         1.         1.         1.         1.
 1.         1.         0.9375     1.         0.9375     1.
 1.         0.9375     1.         0.88888889 0.9375     1.
 1.         1.         1.         1.         0.9375     1.
 1.         1.         0.9375     1.         1.         1.
 1.         0.86666667 1.         1.        ]
Mean precision: 0.9807652894491129
Dev: 0.03455401731126537


RF_KM_SCAN_COS Cross-Validation Results precision:
 [0.94117647 1.         0.9375     1.         1.         1.
 0.93333333 1.         1.         1.         1.         1.
 1.         1.         1.         1.         1.         0.875
 1.         1.         1.         0.94117647 1.         1.
 0.9375     1.         1.         1.         1.         0.93333333
 1.         1.         1.         1.         1.         0.88235294
 0.9375     1.         1.         0.93333333 1.         1.
 0.9375     1.         0.9375     1.         1.         1.
 1.         0.83333333 1.         0.94117647 1.         1.
 1.         1.         1.         0.88235294 1.         1.
 0.94117647 1.         1.         1.         1.         0.9375
 0.9375     1.         1.         1.         1.         1.
 1.         1.         0.9375     1.         0.9375     1.
 1.         0.9375     1.         0.88888889 0.9375     1.
 1.         1.         1.         1.         1.         1.
 1.         1.         0.9375     1.         1.         0.88235294
 1.         0.875      1.         1.        ]
Mean precision: 0.9793398692810458
Dev: 0.03798170767492388


RF_KM_SCAN_COS_MAHA Cross-Validation Results precision:
 [0.94117647 1.         0.9375     1.         1.         1.
 0.93333333 1.         1.         1.         1.         1.
 1.         0.9375     1.         1.         1.         0.88235294
 1.         1.         1.         1.         1.         1.
 1.         1.         0.9375     0.9375     1.         0.93333333
 1.         1.         1.         1.         1.         0.88235294
 0.93333333 1.         1.         0.9375     1.         1.
 0.9375     1.         0.9375     1.         1.         1.
 1.         0.9375     1.         1.         0.9375     1.
 1.         1.         0.93333333 1.         0.9375     1.
 1.         1.         0.93333333 0.93333333 1.         1.
 1.         1.         0.9375     1.         1.         1.
 1.         0.88235294 1.         1.         0.9375     0.93333333
 1.         1.         1.         0.93333333 1.         1.
 0.9375     1.         1.         1.         1.         0.9375
 1.         0.9375     1.         1.         1.         1.
 0.88235294 1.         1.         1.        ]
Mean precision: 0.9799975490196079
Dev: 0.03360997328844835


XGB Cross-Validation Results precision:
 [0.6        1.         1.         1.         1.         1.
 1.         1.         1.         1.         1.         0.83333333
 1.         1.         1.         0.66666667 1.         1.
 1.         1.         1.         1.         1.         1.
 1.         1.         0.8        1.         1.         0.8
 1.         1.         1.         1.         0.83333333 1.
 1.         0.8        1.         1.         1.         1.
 0.71428571 1.         1.         1.         1.         1.
 1.         1.         1.         1.         1.         1.
 1.         1.         1.         0.75       1.         1.
 0.66666667 1.         1.         1.         1.         1.
 1.         1.         1.         1.         1.         1.
 1.         1.         1.         1.         1.         0.8
 0.8        1.         1.         1.         1.         1.
 1.         0.83333333 1.         1.         0.66666667 1.
 1.         1.         1.         1.         1.         0.83333333
 1.         1.         0.8        1.        ]
Mean precision: 0.9619761904761905
Dev: 0.09186925973552709


XGB_KM_C Cross-Validation Results precision:
 [0.9375     0.9375     0.9375     1.         1.         0.9375
 1.         1.         1.         1.         1.         0.92857143
 1.         0.9375     1.         1.         1.         0.9375
 1.         0.9375     0.88888889 1.         1.         1.
 1.         1.         0.875      0.9375     1.         1.
 1.         1.         1.         0.9375     0.93333333 0.9375
 0.9375     1.         1.         1.         0.93333333 1.
 0.88235294 1.         0.9375     1.         1.         1.
 1.         0.9375     1.         1.         1.         1.
 0.9375     1.         0.93333333 0.93333333 0.9375     1.
 1.         0.9375     0.92857143 0.93333333 1.         0.9375
 1.         0.9375     1.         1.         1.         1.
 1.         0.88235294 1.         1.         0.9375     0.88235294
 1.         1.         1.         0.92857143 1.         0.9375
 1.         1.         1.         1.         1.         0.9375
 1.         0.9375     1.         1.         0.9375     0.9375
 0.93333333 1.         1.         1.        ]
Mean precision: 0.9729666199813258
Dev: 0.03635046023836121


XGB_KM_NN Cross-Validation Results precision:
 [0.9375     0.9375     0.9375     1.         1.         1.
 1.         1.         1.         1.         1.         0.9375
 1.         0.9375     1.         1.         1.         0.9375
 1.         1.         0.93333333 1.         1.         1.
 1.         1.         0.9375     0.9375     1.         1.
 1.         1.         1.         0.9375     1.         0.9375
 0.9375     1.         1.         1.         1.         1.
 0.9375     1.         0.9375     1.         1.         1.
 1.         0.9375     1.         1.         1.         1.
 0.93333333 1.         0.9375     1.         0.9375     1.
 1.         1.         0.88235294 0.93333333 1.         1.
 1.         0.93333333 1.         1.         1.         1.
 1.         0.88235294 1.         1.         0.9375     0.93333333
 1.         1.         1.         0.9375     1.         0.9375
 1.         1.         1.         1.         1.         0.93333333
 1.         0.9375     1.         1.         1.         0.9375
 0.9375     1.         1.         1.        ]
Mean precision: 0.9798970588235295
Dev: 0.03160269026077637


XGB_KM_COS Cross-Validation Results precision:
 [0.94117647 0.93333333 1.         1.         1.         0.9375
 1.         1.         1.         1.         0.94117647 0.9375
 1.         0.9375     1.         1.         1.         0.9375
 1.         0.9375     0.88888889 1.         1.         1.
 1.         1.         0.88235294 1.         1.         1.
 1.         1.         1.         0.9375     0.9375     1.
 0.9375     1.         1.         1.         1.         1.
 0.9375     1.         0.93333333 1.         1.         1.
 1.         0.9375     1.         0.93333333 1.         1.
 0.9375     1.         0.9375     0.9375     0.9375     1.
 1.         0.9375     0.875      0.9375     1.         0.9375
 1.         0.9375     1.         1.         1.         1.
 1.         0.88235294 1.         1.         0.9375     0.88235294
 1.         1.         1.         0.9375     0.9375     0.9375
 0.9375     1.         1.         1.         1.         0.93333333
 1.         0.9375     1.         0.9375     0.9375     0.9375
 1.         1.         1.         1.        ]
Mean precision: 0.9733913398692812
Dev: 0.03589680124597548


XGB_KM_COS_MAHA Cross-Validation Results precision:
 [0.9375     0.93333333 0.93333333 1.         1.         0.9375
 1.         1.         0.9375     1.         1.         0.93333333
 1.         0.9375     1.         1.         1.         0.9375
 1.         0.9375     0.88888889 1.         1.         1.
 1.         1.         0.875      0.9375     1.         1.
 0.94117647 1.         1.         0.93333333 0.9375     1.
 0.9375     1.         1.         1.         0.94117647 1.
 0.9375     1.         0.9375     1.         1.         1.
 1.         0.93333333 1.         0.93333333 1.         1.
 0.9375     1.         0.9375     0.9375     0.9375     1.
 1.         0.9375     0.88235294 0.92857143 1.         0.9375
 1.         0.9375     1.         1.         1.         1.
 1.         0.88235294 1.         1.         0.93333333 0.88235294
 1.         1.         1.         0.93333333 1.         0.9375
 0.9375     1.         1.         1.         1.         0.93333333
 1.         0.9375     1.         0.9375     0.93333333 0.9375
 1.         1.         1.         1.        ]
Mean precision: 0.9711770541549954
Dev: 0.03643179931448677


XGB_HDBSCAN_NN Cross-Validation Results precision:
 [0.94117647 0.9375     0.9375     1.         1.         1.
 1.         1.         1.         0.9375     0.9375     0.93333333
 1.         0.9375     1.         1.         1.         0.9375
 1.         1.         0.88888889 1.         1.         1.
 1.         1.         0.875      0.9375     1.         1.
 0.94117647 1.         1.         0.9375     1.         0.9375
 0.9375     1.         1.         1.         1.         1.
 0.88235294 1.         0.9375     1.         1.         1.
 1.         0.9375     1.         0.93333333 1.         1.
 0.9375     1.         0.9375     0.9375     0.9375     1.
 1.         0.9375     0.875      0.9375     1.         0.9375
 1.         0.9375     1.         1.         1.         1.
 1.         0.88235294 1.         1.         0.9375     0.9375
 1.         1.         1.         0.93333333 0.93333333 0.9375
 1.         1.         1.         1.         1.         0.9375
 1.         0.93333333 1.         0.93333333 1.         0.9375
 0.9375     1.         1.         1.        ]
Mean precision: 0.972609477124183
Dev: 0.036249530681446686


XGB_HDBSCAN_COS Cross-Validation Results precision:
 [0.94117647 0.9375     0.9375     1.         1.         1.
 1.         1.         0.93333333 0.9375     0.9375     0.9375
 1.         1.         1.         1.         1.         0.9375
 1.         1.         0.94117647 1.         1.         0.93333333
 1.         1.         0.875      1.         1.         1.
 0.94117647 1.         1.         0.9375     0.9375     1.
 0.9375     1.         1.         1.         0.94117647 1.
 0.9375     1.         0.9375     1.         1.         1.
 0.93333333 0.9375     1.         0.93333333 1.         1.
 0.93333333 1.         1.         1.         0.9375     1.
 1.         1.         0.875      0.9375     1.         0.9375
 1.         0.9375     1.         1.         1.         1.
 1.         0.88235294 1.         1.         1.         0.9375
 1.         1.         1.         0.88235294 1.         0.9375
 1.         1.         1.         1.         1.         0.9375
 1.         0.93333333 1.         0.93333333 1.         0.9375
 1.         1.         1.         1.        ]
Mean precision: 0.9756274509803922
Dev: 0.03501520925102025


XGB_KM_SCAN_NN Cross-Validation Results precision:
 [0.92857143 0.9375     0.9375     1.         1.         1.
 1.         1.         1.         1.         1.         0.9375
 1.         0.93333333 1.         1.         1.         0.9375
 1.         1.         0.94117647 1.         1.         1.
 1.         1.         0.9375     0.93333333 1.         1.
 0.94117647 1.         1.         0.9375     1.         0.93333333
 0.93333333 1.         1.         1.         1.         1.
 0.9375     1.         0.9375     1.         1.         1.
 1.         0.9375     1.         1.         1.         1.
 0.93333333 1.         0.9375     1.         0.93333333 1.
 1.         1.         0.86666667 0.9375     1.         1.
 1.         0.9375     1.         1.         1.         1.
 1.         0.88235294 1.         1.         0.9375     0.9375
 1.         1.         1.         0.93333333 1.         0.9375
 1.         1.         1.         1.         1.         0.9375
 1.         0.9375     1.         1.         1.         0.9375
 0.9375     1.         1.         1.        ]
Mean precision: 0.9790577731092437
Dev: 0.0324211718889932


XGB_KM_SCAN_COS Cross-Validation Results precision:
 [0.94117647 0.9375     0.9375     1.         1.         1.
 1.         1.         1.         1.         0.9375     0.93333333
 1.         0.9375     1.         1.         1.         0.9375
 1.         1.         0.94117647 1.         1.         1.
 1.         1.         0.88235294 0.9375     1.         1.
 0.93333333 1.         1.         0.9375     0.9375     0.9375
 0.9375     1.         1.         1.         1.         1.
 0.88235294 1.         0.9375     1.         1.         1.
 1.         0.9375     1.         0.9375     1.         1.
 0.9375     1.         0.9375     0.9375     0.9375     1.
 1.         0.93333333 0.88235294 0.9375     1.         0.9375
 1.         0.9375     1.         1.         1.         1.
 1.         0.875      1.         1.         0.9375     0.88235294
 1.         1.         1.         0.9375     1.         0.9375
 1.         1.         1.         1.         1.         0.9375
 1.         0.9375     1.         0.9375     1.         0.93333333
 0.9375     1.         1.         1.        ]
Mean precision: 0.973325980392157
Dev: 0.03605619677642655


XGB_KM_SCAN_COS_MAHA Cross-Validation Results precision:
 [0.94117647 0.9375     1.         1.         1.         0.93333333
 1.         1.         1.         0.9375     0.94117647 0.9375
 1.         0.9375     1.         1.         1.         0.93333333
 1.         0.9375     0.88888889 1.         1.         1.
 1.         1.         0.875      0.9375     1.         1.
 0.9375     1.         1.         0.9375     0.9375     1.
 0.9375     1.         1.         1.         1.         1.
 0.9375     1.         0.9375     1.         1.         1.
 1.         0.9375     1.         0.9375     1.         1.
 0.9375     1.         0.9375     0.9375     0.93333333 1.
 1.         0.9375     0.93333333 0.9375     1.         0.9375
 1.         0.9375     1.         1.         1.         1.
 1.         0.88235294 1.         1.         1.         0.93333333
 1.         1.         1.         0.9375     1.         0.9375
 0.9375     1.         1.         1.         1.         0.9375
 1.         0.9375     1.         0.93333333 0.9375     0.9375
 1.         1.         1.         1.        ]
Mean precision: 0.9737859477124183
Dev: 0.03406698366749632


XGBRF Cross-Validation Results precision:
 [0.6        1.         1.         1.         1.         1.
 1.         1.         0.8        1.         1.         0.83333333
 1.         1.         1.         0.66666667 1.         1.
 1.         1.         1.         1.         1.         1.
 1.         1.         0.8        0.8        1.         0.8
 0.8        1.         1.         1.         0.83333333 1.
 1.         0.8        1.         1.         1.         0.8
 0.71428571 1.         1.         1.         1.         1.
 1.         1.         1.         1.         1.         1.
 1.         1.         1.         0.66666667 1.         0.8
 0.66666667 1.         1.         1.         1.         0.83333333
 1.         1.         1.         1.         1.         1.
 0.8        1.         1.         1.         1.         0.8
 0.8        1.         1.         1.         1.         1.
 1.         0.83333333 1.         1.         0.66666667 1.
 1.         1.         1.         1.         1.         0.83333333
 0.83333333 1.         0.8        1.        ]
Mean precision: 0.9458095238095237
Dev: 0.10193542039925467


XGBRF_KM_C Cross-Validation Results precision:
 [0.94117647 0.9375     0.9375     1.         1.         0.9375
 1.         1.         1.         0.88235294 0.94117647 0.9375
 1.         0.93333333 1.         1.         1.         0.88235294
 1.         0.9375     0.88888889 1.         1.         1.
 1.         1.         0.88235294 0.9375     1.         0.9375
 0.94117647 1.         0.9375     0.92857143 0.9375     0.9375
 0.9375     1.         1.         1.         0.94117647 1.
 0.88235294 1.         0.9375     0.9375     1.         1.
 1.         0.9375     1.         0.9375     1.         1.
 0.9375     1.         0.9375     0.93333333 0.9375     1.
 1.         0.9375     0.88235294 0.93333333 1.         0.9375
 1.         0.9375     1.         1.         1.         1.
 1.         0.88235294 1.         0.9375     0.9375     0.88235294
 1.         1.         1.         0.9375     0.9375     0.9375
 0.9375     1.         0.9375     1.         1.         0.9375
 1.         0.88235294 1.         1.         0.9375     0.9375
 0.9375     1.         1.         1.        ]
Mean precision: 0.9644098972922502
Dev: 0.0392024216261739


XGBRF_KM_NN Cross-Validation Results precision:
 [0.94117647 0.9375     0.9375     1.         1.         0.9375
 1.         1.         1.         0.88235294 0.94117647 0.9375
 1.         0.9375     1.         1.         1.         0.88235294
 1.         0.9375     0.88888889 1.         1.         1.
 1.         1.         0.88235294 0.9375     1.         0.9375
 0.94117647 1.         0.9375     0.9375     0.93333333 0.9375
 0.9375     1.         1.         1.         0.9375     1.
 0.88235294 1.         0.9375     0.9375     1.         1.
 1.         0.9375     0.94117647 0.9375     1.         1.
 0.9375     1.         0.9375     0.93333333 0.9375     1.
 1.         0.9375     0.88235294 0.9375     1.         1.
 1.         0.9375     1.         1.         1.         1.
 1.         0.88235294 1.         0.9375     0.9375     0.88235294
 1.         1.         1.         0.9375     1.         0.93333333
 0.9375     1.         0.9375     1.         1.         0.9375
 1.         0.88235294 1.         1.         0.9375     0.9375
 0.9375     1.         1.         1.        ]
Mean precision: 0.9651241830065359
Dev: 0.0391936506717558


XGBRF_KM_COS Cross-Validation Results precision:
 [0.94117647 0.9375     0.9375     1.         1.         0.9375
 1.         1.         1.         0.88235294 0.94117647 0.9375
 1.         0.9375     1.         1.         1.         0.88235294
 1.         0.9375     0.88888889 1.         1.         1.
 1.         1.         0.88235294 0.9375     1.         0.9375
 0.94117647 1.         0.9375     0.9375     0.9375     0.9375
 0.9375     1.         1.         1.         0.94117647 1.
 0.88235294 1.         0.9375     0.9375     1.         1.
 1.         0.9375     0.94117647 0.9375     1.         1.
 0.9375     1.         0.9375     0.93333333 0.9375     1.
 1.         0.9375     0.88235294 0.9375     1.         0.9375
 1.         0.93333333 1.         1.         1.         1.
 1.         0.88235294 1.         0.9375     0.9375     0.88235294
 1.         1.         1.         0.9375     0.9375     0.9375
 0.9375     1.         0.9375     1.         1.         0.9375
 1.         0.88235294 1.         0.9375     0.9375     0.9375
 0.9375     1.         1.         1.        ]
Mean precision: 0.963327614379085
Dev: 0.03892230887925647


XGBRF_KM_COS_MAHA Cross-Validation Results precision:
 [0.94117647 0.9375     0.9375     1.         1.         0.9375
 1.         1.         1.         0.9375     0.94117647 0.9375
 1.         0.9375     1.         1.         1.         0.88235294
 1.         0.9375     0.84210526 1.         1.         1.
 1.         1.         0.88235294 0.9375     1.         1.
 0.94117647 1.         0.9375     0.9375     0.9375     0.9375
 0.9375     1.         1.         1.         0.94117647 1.
 0.88235294 1.         0.9375     0.9375     1.         1.
 1.         0.9375     1.         0.9375     1.         1.
 0.9375     1.         0.9375     0.9375     0.93333333 1.
 1.         0.9375     0.88235294 0.9375     1.         0.9375
 1.         0.9375     1.         1.         1.         1.
 1.         0.88235294 1.         0.9375     0.9375     0.88235294
 1.         1.         1.         0.9375     0.9375     0.9375
 0.93333333 1.         0.9375     1.         1.         0.9375
 1.         0.88235294 1.         0.9375     0.9375     0.9375
 0.9375     1.         1.         1.        ]
Mean precision: 0.9646244840041279
Dev: 0.03951231671422504


XGBRF_HDBSCAN_NN Cross-Validation Results precision:
 [0.94117647 0.9375     1.         1.         1.         1.
 1.         1.         1.         0.9375     0.9375     0.93333333
 1.         1.         1.         1.         1.         0.9375
 1.         1.         0.9375     1.         1.         1.
 1.         1.         0.88235294 1.         1.         1.
 0.94117647 1.         1.         0.9375     1.         1.
 0.9375     1.         1.         1.         1.         1.
 0.9375     1.         0.93333333 1.         1.         1.
 1.         0.9375     1.         0.9375     1.         1.
 0.9375     1.         1.         0.9375     0.93333333 1.
 1.         0.93333333 1.         0.9375     1.         0.93333333
 1.         0.9375     1.         1.         0.94117647 1.
 1.         0.88235294 1.         1.         1.         0.9375
 1.         1.         1.         0.92857143 0.9375     0.9375
 1.         1.         1.         1.         1.         1.
 1.         0.9375     1.         0.93333333 1.         0.9375
 1.         1.         1.         1.        ]
Mean precision: 0.9792930672268909
Dev: 0.03180755173429902


XGBRF_HDBSCAN_COS Cross-Validation Results precision:
 [0.94117647 0.9375     1.         1.         1.         1.
 1.         1.         1.         0.9375     0.94117647 0.93333333
 1.         1.         1.         1.         1.         0.9375
 1.         1.         0.94117647 1.         1.         1.
 1.         1.         0.875      1.         1.         1.
 0.94117647 1.         1.         0.9375     1.         1.
 0.9375     1.         1.         1.         1.         1.
 0.9375     1.         0.9375     1.         1.         1.
 1.         0.93333333 1.         0.9375     1.         1.
 0.9375     1.         1.         1.         0.9375     1.
 1.         1.         1.         0.9375     1.         0.9375
 1.         0.9375     1.         1.         1.         1.
 1.         0.875      1.         1.         1.         0.93333333
 1.         1.         1.         0.93333333 0.92857143 0.9375
 1.         1.         1.         1.         1.         1.
 1.         0.9375     1.         0.92307692 1.         0.9375
 1.         1.         1.         1.        ]
Mean precision: 0.9809968756733463
Dev: 0.03166637576196856


XGBRF_KM_SCAN_NN Cross-Validation Results precision:
 [0.94117647 0.9375     1.         1.         1.         1.
 1.         1.         1.         0.9375     0.94117647 0.86666667
 1.         1.         1.         1.         1.         0.9375
 1.         1.         0.88888889 1.         1.         0.9375
 1.         1.         0.88235294 1.         1.         1.
 0.94117647 1.         1.         0.9375     0.93333333 1.
 0.93333333 1.         1.         1.         1.         1.
 0.93333333 1.         0.9375     1.         1.         1.
 0.9375     0.9375     0.94117647 0.9375     1.         1.
 0.93333333 1.         1.         0.92857143 0.9375     1.
 1.         0.9375     1.         0.93333333 1.         0.9375
 1.         0.93333333 1.         0.92857143 0.94117647 1.
 1.         0.88235294 1.         1.         1.         0.875
 1.         1.         1.         0.93333333 0.9375     0.9375
 0.9375     1.         1.         1.         1.         1.
 1.         0.9375     1.         0.92857143 1.         0.9375
 1.         1.         1.         1.        ]
Mean precision: 0.973576914098973
Dev: 0.03657002768099121


XGBRF_KM_SCAN_COS Cross-Validation Results precision:
 [0.94117647 0.9375     1.         1.         1.         0.9375
 1.         1.         1.         0.9375     0.94117647 0.93333333
 1.         0.9375     1.         1.         1.         0.9375
 1.         1.         0.88888889 1.         1.         1.
 1.         1.         0.88235294 0.9375     1.         1.
 0.94117647 1.         1.         0.9375     1.         1.
 0.93333333 1.         1.         1.         1.         1.
 0.9375     1.         0.9375     1.         1.         1.
 1.         0.9375     1.         0.9375     1.         1.
 0.9375     1.         1.         1.         0.9375     1.
 1.         1.         0.9375     0.9375     1.         0.9375
 1.         0.9375     1.         1.         1.         1.
 1.         0.88235294 1.         1.         1.         0.93333333
 1.         1.         1.         0.9375     0.9375     0.9375
 1.         1.         1.         1.         1.         1.
 1.         0.9375     1.         0.92857143 1.         0.9375
 1.         1.         1.         1.        ]
Mean precision: 0.9783069561157797
Dev: 0.03282103313467734


XGBRF_KM_SCAN_COS_MAHA Cross-Validation Results precision:
 [0.94117647 0.9375     0.9375     1.         1.         0.9375
 1.         1.         1.         0.9375     0.94117647 0.9375
 1.         0.9375     1.         1.         1.         0.88235294
 1.         0.9375     0.88888889 1.         1.         1.
 1.         1.         0.88235294 0.9375     1.         0.9375
 0.94117647 1.         0.9375     0.9375     0.93333333 0.9375
 0.9375     1.         1.         1.         0.94117647 1.
 0.9375     1.         0.9375     0.9375     1.         1.
 1.         0.9375     1.         0.9375     1.         1.
 0.9375     1.         0.9375     0.92857143 0.9375     1.
 1.         0.9375     0.88235294 0.9375     1.         0.9375
 1.         0.9375     1.         1.         1.         1.
 1.         0.88235294 1.         0.9375     0.9375     0.88235294
 1.         1.         1.         0.9375     1.         0.9375
 0.9375     1.         1.         1.         1.         0.9375
 1.         0.88235294 1.         0.9375     0.9375     0.9375
 0.9375     1.         1.         1.        ]
Mean precision: 0.9662211718020542
Dev: 0.03760263341566272


