LR_mix_NM Cross-Validation Results accuracy:
 [0.93548387 0.96774194 1.         0.96666667 0.96666667 1.
 0.93333333 0.96666667 0.93333333 0.96666667 1.         0.96774194
 0.96666667 1.         0.96666667 0.96666667 1.         0.96666667
 0.96666667 0.93333333 1.         0.93548387 0.96666667 0.93333333
 1.         0.93333333 1.         0.96666667 0.96666667 1.
 1.         1.         0.96666667 0.96666667 0.96666667 0.93333333
 0.93333333 0.96666667 0.96666667 0.96666667 0.96774194 0.93548387
 1.         0.9        0.96666667 0.96666667 1.         0.96666667
 0.96666667 0.96666667 0.96774194 1.         0.93333333 0.93333333
 1.         0.96666667 1.         0.96666667 1.         0.9
 0.90322581 1.         0.96666667 0.96666667 0.93333333 1.
 0.96666667 0.9        1.         1.         1.         0.96774194
 1.         0.96666667 0.96666667 0.9        0.96666667 0.96666667
 1.         1.         1.         1.         1.         0.93333333
 0.96666667 1.         0.9        0.96666667 0.96666667 0.96666667
 1.         0.96774194 1.         0.96666667 0.93333333 0.93333333
 0.96666667 1.         0.96666667 0.96666667]
Mean accuracy: 0.9681612903225806
Dev: 0.0280976177710397


LR_smote_NM Cross-Validation Results accuracy:
 [0.93548387 1.         0.96666667 0.96666667 0.96666667 1.
 0.96666667 1.         0.93333333 0.96666667 1.         0.93548387
 0.96666667 1.         0.96666667 1.         1.         0.96666667
 0.96666667 0.93333333 1.         0.93548387 0.96666667 0.93333333
 1.         0.96666667 1.         0.96666667 0.96666667 0.96666667
 1.         1.         0.96666667 0.96666667 0.96666667 0.96666667
 0.96666667 0.93333333 1.         0.93333333 0.96774194 0.96774194
 1.         0.93333333 0.93333333 0.96666667 1.         1.
 1.         0.96666667 0.93548387 1.         0.93333333 0.96666667
 1.         0.96666667 1.         1.         1.         0.93333333
 0.96774194 1.         0.93333333 0.96666667 0.96666667 1.
 0.96666667 0.9        1.         1.         1.         0.96774194
 0.96666667 1.         0.96666667 0.96666667 0.96666667 0.96666667
 1.         1.         1.         1.         1.         0.96666667
 0.96666667 1.         0.93333333 0.93333333 0.93333333 1.
 1.         0.96774194 1.         1.         0.93333333 0.9
 0.96666667 1.         1.         0.96666667]
Mean accuracy: 0.9728064516129032
Dev: 0.02627059972209149


LR_GAN_NM Cross-Validation Results accuracy:
 [0.90322581 0.93548387 0.96666667 0.96666667 0.93333333 0.93333333
 0.96666667 0.93333333 1.         0.96666667 1.         0.93548387
 0.93333333 0.93333333 0.96666667 1.         1.         0.93333333
 0.86666667 0.9        0.93548387 0.93548387 0.93333333 0.93333333
 0.96666667 0.93333333 0.96666667 0.9        0.96666667 0.96666667
 0.93548387 0.90322581 0.93333333 0.96666667 0.83333333 0.93333333
 0.93333333 0.96666667 1.         0.93333333 0.96774194 0.96774194
 1.         0.9        0.96666667 0.96666667 0.93333333 0.93333333
 0.9        0.96666667 1.         0.93548387 0.86666667 0.96666667
 0.96666667 0.93333333 0.9        0.93333333 1.         0.83333333
 0.90322581 0.96774194 0.93333333 0.96666667 0.93333333 1.
 0.9        0.83333333 1.         0.93333333 0.96774194 0.87096774
 0.93333333 1.         0.93333333 0.9        0.96666667 0.96666667
 0.96666667 0.9        1.         0.93548387 0.93333333 0.93333333
 0.93333333 0.96666667 0.9        0.93333333 0.96666667 0.93333333
 1.         0.96774194 1.         0.9        0.9        0.93333333
 0.9        0.96666667 0.93333333 0.96666667]
Mean accuracy: 0.9426774193548388
Dev: 0.03807110537706712


LR_borderline_NM Cross-Validation Results accuracy:
 [0.93548387 1.         1.         0.96666667 0.96666667 1.
 0.96666667 1.         0.93333333 1.         1.         1.
 0.96666667 1.         0.96666667 1.         1.         0.93333333
 0.96666667 0.93333333 1.         0.93548387 0.96666667 0.96666667
 1.         0.96666667 1.         1.         0.96666667 1.
 1.         1.         0.96666667 0.96666667 0.96666667 1.
 0.96666667 0.96666667 0.96666667 0.96666667 1.         1.
 1.         0.93333333 0.96666667 0.96666667 1.         1.
 1.         0.93333333 0.96774194 1.         0.93333333 0.96666667
 1.         1.         1.         0.96666667 1.         0.9
 0.90322581 1.         1.         0.96666667 1.         1.
 0.96666667 0.9        1.         1.         1.         0.96774194
 1.         1.         0.96666667 0.93333333 0.96666667 0.93333333
 1.         1.         1.         1.         1.         0.93333333
 0.96666667 1.         0.93333333 0.96666667 0.96666667 1.
 1.         0.96774194 1.         1.         0.93333333 0.96666667
 0.96666667 1.         0.96666667 0.96666667]
Mean accuracy: 0.9767741935483872
Dev: 0.026704361149108388


LR_mix_KM Cross-Validation Results accuracy:
 [1.         0.90322581 0.96666667 0.93333333 0.86666667 0.93333333
 0.96666667 0.96666667 0.93333333 0.9        0.96774194 0.90322581
 1.         0.9        0.96666667 0.86666667 0.96666667 0.9
 0.96666667 0.93333333 0.87096774 0.96774194 0.96666667 0.86666667
 0.96666667 0.96666667 0.93333333 0.96666667 0.96666667 0.93333333
 0.96774194 0.90322581 0.93333333 1.         0.93333333 0.83333333
 0.96666667 0.93333333 0.96666667 1.         0.93548387 0.93548387
 0.96666667 0.93333333 0.93333333 1.         0.93333333 0.93333333
 0.93333333 0.86666667 0.87096774 1.         0.93333333 0.83333333
 0.86666667 1.         0.9        0.96666667 0.93333333 0.93333333
 0.90322581 0.93548387 0.96666667 0.93333333 0.86666667 0.96666667
 0.93333333 0.9        0.93333333 0.96666667 0.87096774 0.96774194
 0.93333333 0.93333333 1.         1.         0.9        0.86666667
 0.93333333 0.93333333 0.96774194 0.90322581 0.96666667 0.9
 0.86666667 1.         0.93333333 0.93333333 1.         0.9
 0.93548387 0.90322581 0.96666667 1.         0.9        0.86666667
 0.83333333 0.96666667 0.96666667 1.        ]
Mean accuracy: 0.9354623655913978
Dev: 0.042990043401430034


LR_smote_KM Cross-Validation Results accuracy:
 [0.93548387 0.90322581 0.9        0.96666667 0.96666667 0.96666667
 0.93333333 1.         0.93333333 0.96666667 0.90322581 0.90322581
 0.96666667 1.         0.93333333 0.93333333 1.         0.86666667
 0.96666667 0.9        0.90322581 0.96774194 0.93333333 0.96666667
 0.93333333 0.96666667 0.93333333 0.9        0.93333333 0.96666667
 0.96774194 1.         0.9        0.96666667 0.96666667 0.86666667
 0.86666667 0.96666667 0.96666667 0.96666667 0.93548387 0.96774194
 1.         0.96666667 0.86666667 0.93333333 0.96666667 0.96666667
 0.96666667 0.83333333 0.96774194 1.         0.93333333 0.86666667
 0.9        1.         0.93333333 0.96666667 0.83333333 0.96666667
 1.         0.96774194 0.96666667 0.96666667 0.86666667 1.
 0.93333333 0.93333333 0.9        0.96666667 0.96774194 1.
 0.96666667 0.93333333 0.96666667 0.93333333 0.93333333 0.9
 0.96666667 0.9        0.96774194 0.93548387 0.93333333 0.9
 0.83333333 1.         0.96666667 0.96666667 1.         0.93333333
 0.93548387 0.93548387 1.         0.96666667 0.83333333 0.9
 0.93333333 1.         1.         0.96666667]
Mean accuracy: 0.9433118279569893
Dev: 0.04239780446630954


LR_GAN_KM Cross-Validation Results accuracy:
 [0.93548387 0.93548387 0.9        0.93333333 0.96666667 0.96666667
 0.93333333 0.93333333 0.96666667 0.96666667 0.96774194 0.90322581
 1.         0.96666667 0.96666667 0.86666667 0.96666667 0.86666667
 0.93333333 0.93333333 0.93548387 1.         0.93333333 0.86666667
 1.         0.96666667 0.96666667 0.93333333 0.86666667 0.93333333
 0.90322581 0.90322581 0.93333333 0.96666667 0.96666667 0.93333333
 0.93333333 0.93333333 0.9        1.         0.93548387 0.96774194
 0.96666667 0.93333333 0.9        1.         0.96666667 0.9
 0.93333333 0.83333333 0.96774194 0.96774194 0.96666667 0.9
 0.83333333 0.96666667 0.96666667 0.96666667 0.9        0.93333333
 0.93548387 0.87096774 0.96666667 0.93333333 0.83333333 0.96666667
 0.96666667 1.         0.93333333 0.93333333 0.93548387 0.93548387
 0.96666667 0.96666667 0.93333333 0.96666667 0.93333333 0.9
 0.96666667 0.96666667 1.         0.93548387 0.96666667 0.96666667
 0.93333333 1.         0.86666667 0.93333333 0.9        0.93333333
 0.93548387 0.90322581 1.         1.         0.9        0.93333333
 0.86666667 0.96666667 0.96666667 1.        ]
Mean accuracy: 0.9400752688172044
Dev: 0.03943667822952593


LR_borderline_KM Cross-Validation Results accuracy:
 [1.         0.93548387 0.93333333 0.93333333 0.9        0.96666667
 0.96666667 0.96666667 1.         0.9        0.90322581 0.90322581
 1.         1.         0.93333333 0.93333333 0.96666667 0.96666667
 0.96666667 0.93333333 0.90322581 1.         0.93333333 0.96666667
 0.93333333 1.         0.96666667 0.96666667 0.93333333 0.96666667
 0.93548387 0.96774194 0.96666667 0.96666667 0.96666667 0.93333333
 1.         0.96666667 0.93333333 0.96666667 0.96774194 1.
 0.96666667 0.96666667 0.9        1.         0.93333333 0.96666667
 1.         0.86666667 1.         1.         0.96666667 0.83333333
 0.9        1.         0.96666667 0.96666667 0.93333333 0.96666667
 1.         0.93548387 1.         1.         0.86666667 1.
 0.96666667 0.93333333 0.93333333 0.93333333 0.96774194 0.96774194
 0.96666667 0.9        0.96666667 0.93333333 0.93333333 0.96666667
 0.96666667 0.96666667 1.         0.96774194 1.         0.93333333
 0.83333333 0.96666667 0.96666667 0.96666667 0.96666667 0.96666667
 0.96774194 0.96774194 0.96666667 0.96666667 0.93333333 0.9
 0.9        1.         1.         1.        ]
Mean accuracy: 0.9555698924731183
Dev: 0.036729797762912804


LR_mix_KM_SWAP Cross-Validation Results accuracy:
 [0.93548387 0.87096774 0.9        0.93333333 0.96666667 0.93333333
 0.93333333 0.96666667 0.93333333 0.93333333 0.83870968 0.90322581
 0.93333333 0.96666667 0.93333333 0.9        0.96666667 0.9
 0.9        0.93333333 0.87096774 0.93548387 0.93333333 0.96666667
 0.93333333 1.         0.86666667 0.93333333 0.9        0.86666667
 0.90322581 0.90322581 0.86666667 0.96666667 0.86666667 0.9
 0.96666667 0.96666667 0.96666667 0.93333333 0.93548387 1.
 0.96666667 0.9        0.83333333 0.86666667 0.93333333 0.96666667
 0.93333333 0.9        0.93548387 1.         0.93333333 0.83333333
 0.86666667 1.         0.93333333 0.96666667 0.83333333 0.96666667
 1.         0.93548387 0.96666667 0.96666667 0.86666667 0.96666667
 0.83333333 0.93333333 0.9        0.9        0.90322581 0.93548387
 0.96666667 0.86666667 0.96666667 1.         0.9        0.9
 0.93333333 0.86666667 0.93548387 0.83870968 0.93333333 0.93333333
 0.86666667 0.93333333 0.96666667 0.93333333 1.         0.93333333
 0.96774194 0.90322581 0.96666667 0.9        0.93333333 0.9
 0.76666667 1.         0.96666667 0.93333333]
Mean accuracy: 0.9245161290322581
Dev: 0.045861444096024516


LR_smote_KM_SWAP Cross-Validation Results accuracy:
 [0.93548387 0.93548387 0.93333333 0.93333333 0.93333333 0.96666667
 0.96666667 0.96666667 0.96666667 0.93333333 0.93548387 0.93548387
 1.         1.         0.96666667 0.83333333 0.96666667 0.9
 1.         0.93333333 0.87096774 0.96774194 0.96666667 0.96666667
 0.93333333 0.96666667 1.         0.96666667 0.93333333 0.96666667
 0.87096774 1.         0.93333333 0.96666667 0.96666667 0.93333333
 0.96666667 0.96666667 0.93333333 1.         0.93548387 1.
 1.         0.96666667 0.83333333 1.         0.93333333 0.96666667
 1.         0.9        0.96774194 1.         0.93333333 0.83333333
 0.9        1.         0.93333333 0.96666667 0.9        1.
 1.         0.93548387 0.93333333 1.         0.86666667 1.
 0.93333333 0.93333333 0.93333333 0.93333333 0.93548387 1.
 0.96666667 0.9        0.96666667 1.         0.93333333 0.9
 0.96666667 1.         1.         0.96774194 0.96666667 0.93333333
 0.83333333 0.96666667 0.96666667 0.96666667 1.         0.93333333
 0.96774194 0.96774194 0.96666667 0.96666667 0.93333333 0.9
 0.93333333 1.         0.96666667 1.        ]
Mean accuracy: 0.9516236559139787
Dev: 0.04072260216643157


LR_GAN_KM_SWAP Cross-Validation Results accuracy:
 [0.87096774 1.         0.93333333 0.93333333 0.96666667 0.96666667
 0.96666667 0.9        0.9        0.93333333 0.96774194 0.96774194
 1.         1.         0.93333333 0.93333333 0.9        0.83333333
 0.96666667 0.86666667 0.83870968 0.93548387 0.96666667 0.9
 0.96666667 0.96666667 0.93333333 0.96666667 0.93333333 0.93333333
 0.96774194 0.93548387 0.93333333 0.96666667 0.96666667 0.9
 0.96666667 0.93333333 0.93333333 0.9        0.90322581 0.96774194
 0.93333333 0.86666667 0.96666667 1.         0.96666667 0.9
 0.93333333 0.86666667 0.90322581 1.         0.96666667 1.
 0.9        0.9        0.96666667 0.96666667 0.83333333 0.9
 0.93548387 0.87096774 0.93333333 0.93333333 0.86666667 1.
 0.96666667 0.9        0.9        0.96666667 0.96774194 0.96774194
 0.93333333 0.96666667 1.         0.93333333 0.86666667 0.86666667
 0.96666667 0.96666667 0.96774194 0.87096774 1.         0.96666667
 0.86666667 1.         0.9        0.96666667 0.96666667 0.9
 0.93548387 0.90322581 0.96666667 0.93333333 0.93333333 0.96666667
 0.76666667 1.         0.96666667 1.        ]
Mean accuracy: 0.9361075268817206
Dev: 0.0456788520116334


LR_borderline_KM_SWAP Cross-Validation Results accuracy:
 [1.         0.93548387 0.93333333 0.96666667 0.9        0.96666667
 0.93333333 0.96666667 1.         0.93333333 0.90322581 0.93548387
 1.         1.         0.96666667 0.93333333 0.96666667 0.93333333
 0.96666667 0.93333333 0.90322581 1.         0.96666667 0.96666667
 0.93333333 1.         0.96666667 0.93333333 0.93333333 0.96666667
 0.93548387 0.96774194 0.96666667 0.96666667 0.96666667 0.9
 1.         0.96666667 0.96666667 0.96666667 0.96774194 1.
 0.96666667 0.96666667 0.9        1.         0.93333333 0.96666667
 1.         0.86666667 1.         1.         0.96666667 0.83333333
 0.9        1.         1.         0.96666667 0.93333333 0.96666667
 1.         0.93548387 1.         0.96666667 0.86666667 0.96666667
 0.96666667 0.93333333 0.93333333 0.9        0.96774194 0.96774194
 0.96666667 0.9        0.93333333 0.96666667 0.93333333 0.96666667
 0.96666667 0.96666667 1.         0.96774194 0.96666667 0.93333333
 0.83333333 0.96666667 0.96666667 0.96666667 0.96666667 0.96666667
 0.96774194 0.96774194 0.96666667 0.96666667 0.93333333 0.86666667
 0.9        1.         1.         0.96666667]
Mean accuracy: 0.9545591397849463
Dev: 0.036599793967831105


LR_mix_CC Cross-Validation Results accuracy:
 [0.96774194 0.93548387 1.         0.86666667 0.9        0.9
 0.9        0.93333333 0.96666667 1.         0.93548387 0.93548387
 0.93333333 1.         0.86666667 1.         0.96666667 0.93333333
 0.9        0.9        0.96774194 0.93548387 0.96666667 0.93333333
 0.96666667 0.93333333 0.93333333 0.9        0.93333333 0.96666667
 0.96774194 1.         0.96666667 0.9        0.86666667 0.9
 0.9        0.9        1.         1.         0.96774194 1.
 0.9        0.9        0.93333333 0.93333333 0.93333333 0.96666667
 0.9        0.96666667 0.96774194 1.         0.9        0.86666667
 0.96666667 0.93333333 0.93333333 1.         1.         0.86666667
 0.93548387 0.96774194 0.96666667 0.96666667 0.86666667 0.86666667
 0.96666667 0.9        0.96666667 0.96666667 0.90322581 0.90322581
 0.96666667 0.96666667 0.93333333 0.96666667 1.         0.96666667
 0.93333333 0.93333333 1.         0.90322581 1.         0.93333333
 0.9        0.86666667 0.93333333 0.9        0.93333333 0.96666667
 0.96774194 0.90322581 0.96666667 0.93333333 0.96666667 0.96666667
 0.96666667 0.9        0.9        0.93333333]
Mean accuracy: 0.9399784946236562
Dev: 0.038982722796259535


LR_smote_CC Cross-Validation Results accuracy:
 [0.96774194 0.96774194 1.         0.96666667 0.96666667 0.93333333
 0.86666667 0.96666667 1.         0.96666667 0.96774194 0.90322581
 0.9        1.         0.96666667 1.         1.         0.9
 1.         0.93333333 0.96774194 0.96774194 0.96666667 0.93333333
 0.96666667 0.86666667 1.         0.93333333 0.93333333 1.
 1.         1.         0.96666667 0.96666667 0.96666667 0.9
 0.9        0.93333333 0.96666667 1.         0.96774194 1.
 0.96666667 1.         0.93333333 0.9        0.93333333 0.93333333
 0.96666667 0.96666667 0.96774194 1.         0.86666667 0.93333333
 1.         0.93333333 0.96666667 1.         0.96666667 0.9
 0.93548387 0.96774194 1.         1.         0.93333333 1.
 0.93333333 0.9        0.96666667 0.96666667 1.         0.93548387
 1.         0.96666667 0.93333333 0.86666667 0.96666667 0.93333333
 1.         0.96666667 1.         0.96774194 1.         0.96666667
 0.96666667 0.93333333 0.86666667 0.9        0.96666667 0.96666667
 1.         0.96774194 0.96666667 0.93333333 0.9        0.93333333
 1.         1.         0.86666667 0.96666667]
Mean accuracy: 0.9565161290322581
Dev: 0.03816774775167716


LR_GAN_CC Cross-Validation Results accuracy:
 [0.93548387 0.90322581 1.         0.96666667 0.9        0.83333333
 0.93333333 0.93333333 1.         1.         0.96774194 0.90322581
 0.86666667 0.96666667 1.         0.93333333 1.         0.93333333
 0.96666667 0.9        1.         0.93548387 0.9        0.93333333
 0.96666667 0.93333333 0.93333333 0.93333333 0.93333333 0.96666667
 1.         0.96774194 0.93333333 1.         0.9        0.93333333
 0.93333333 0.93333333 1.         0.93333333 0.93548387 0.96774194
 0.93333333 0.96666667 0.9        0.93333333 0.9        0.96666667
 0.96666667 0.93333333 0.96774194 0.90322581 0.9        0.96666667
 1.         0.9        0.9        0.93333333 0.93333333 0.86666667
 0.90322581 0.96774194 0.93333333 0.96666667 0.9        0.96666667
 0.93333333 0.86666667 0.9        1.         0.96774194 0.87096774
 0.96666667 0.9        0.9        0.96666667 1.         0.96666667
 1.         0.93333333 0.93548387 0.96774194 0.93333333 0.96666667
 0.96666667 0.9        0.9        0.9        1.         0.93333333
 1.         0.93548387 0.9        0.93333333 0.9        0.9
 1.         0.96666667 0.93333333 0.93333333]
Mean accuracy: 0.9410215053763443
Dev: 0.03799470391680289


LR_borderline_CC Cross-Validation Results accuracy:
 [0.96774194 0.96774194 1.         0.96666667 0.96666667 0.93333333
 0.9        0.96666667 0.93333333 0.93333333 0.96774194 0.90322581
 0.96666667 1.         0.96666667 1.         0.96666667 0.9
 0.93333333 0.9        0.96774194 0.96774194 0.96666667 0.93333333
 0.93333333 0.86666667 0.96666667 0.96666667 0.96666667 1.
 1.         1.         0.96666667 0.9        0.93333333 0.93333333
 0.9        0.93333333 0.96666667 0.96666667 0.96774194 0.96774194
 0.96666667 0.93333333 0.93333333 0.93333333 0.96666667 0.93333333
 0.96666667 0.96666667 0.96774194 1.         0.9        0.93333333
 1.         0.83333333 0.93333333 1.         0.96666667 0.9
 0.90322581 0.96774194 1.         1.         0.9        1.
 0.93333333 0.86666667 0.96666667 1.         0.96774194 0.87096774
 0.96666667 0.96666667 0.96666667 0.9        0.96666667 0.93333333
 1.         0.93333333 1.         0.93548387 1.         0.96666667
 0.93333333 0.9        0.93333333 0.86666667 0.96666667 0.96666667
 1.         0.93548387 1.         0.96666667 0.9        0.9
 0.96666667 1.         0.86666667 0.96666667]
Mean accuracy: 0.9502580645161293
Dev: 0.038299384747125166


DT_mix_NM Cross-Validation Results accuracy:
 [0.96774194 0.96774194 1.         1.         1.         1.
 1.         1.         1.         1.         1.         1.
 1.         1.         1.         0.96666667 1.         1.
 0.96666667 1.         1.         0.96774194 1.         0.96666667
 1.         1.         1.         1.         1.         1.
 1.         1.         1.         0.96666667 1.         1.
 0.96666667 1.         1.         1.         1.         1.
 1.         0.96666667 1.         1.         1.         0.96666667
 1.         1.         1.         1.         1.         1.
 1.         1.         1.         1.         1.         0.93333333
 1.         1.         0.96666667 0.96666667 1.         1.
 1.         1.         1.         1.         1.         1.
 1.         0.96666667 1.         1.         0.96666667 1.
 1.         1.         1.         1.         1.         1.
 1.         1.         0.96666667 1.         1.         0.96666667
 1.         1.         1.         0.96666667 1.         1.
 0.96666667 1.         1.         1.        ]
Mean accuracy: 0.9933655913978495
Dev: 0.01408237250610224


DT_smote_NM Cross-Validation Results accuracy:
 [0.96774194 1.         1.         1.         1.         1.
 1.         1.         1.         1.         1.         1.
 1.         1.         1.         1.         1.         1.
 0.96666667 1.         1.         0.96774194 1.         1.
 1.         1.         1.         1.         1.         1.
 1.         1.         1.         0.96666667 1.         1.
 1.         1.         1.         1.         1.         1.
 1.         0.96666667 1.         1.         1.         1.
 1.         1.         1.         1.         1.         1.
 1.         1.         1.         1.         1.         0.96666667
 1.         1.         1.         0.96666667 1.         1.
 1.         1.         1.         1.         1.         1.
 1.         1.         1.         1.         0.96666667 1.
 1.         1.         1.         1.         1.         1.
 1.         1.         0.96666667 1.         1.         1.
 1.         1.         1.         1.         1.         1.
 0.96666667 1.         1.         1.        ]
Mean accuracy: 0.996688172043011
Dev: 0.009936414796028198


DT_GAN_NM Cross-Validation Results accuracy:
 [0.96774194 1.         1.         1.         1.         1.
 1.         1.         1.         1.         1.         1.
 1.         1.         1.         1.         1.         0.93333333
 0.96666667 1.         1.         0.96774194 1.         1.
 1.         1.         1.         1.         1.         1.
 1.         1.         1.         0.96666667 1.         1.
 1.         1.         1.         1.         1.         1.
 1.         0.96666667 1.         1.         1.         1.
 0.96666667 1.         1.         1.         1.         1.
 1.         1.         0.96666667 1.         1.         0.96666667
 0.96774194 1.         1.         0.96666667 1.         1.
 1.         1.         1.         1.         1.         1.
 1.         1.         1.         1.         0.96666667 1.
 1.         1.         1.         1.         1.         1.
 1.         1.         0.96666667 1.         1.         1.
 1.         0.96774194 1.         1.         1.         1.
 0.96666667 1.         1.         1.        ]
Mean accuracy: 0.994709677419355
Dev: 0.013007357594889944


DT_borderline_NM Cross-Validation Results accuracy:
 [0.96774194 1.         1.         1.         1.         1.
 1.         1.         1.         1.         1.         1.
 1.         1.         1.         1.         1.         1.
 0.96666667 1.         1.         0.96774194 1.         1.
 1.         1.         1.         1.         1.         1.
 1.         1.         1.         0.96666667 1.         1.
 1.         1.         1.         1.         1.         1.
 1.         0.96666667 1.         1.         1.         1.
 1.         1.         1.         1.         1.         1.
 1.         1.         1.         1.         1.         0.96666667
 1.         1.         1.         0.96666667 1.         1.
 1.         1.         1.         1.         1.         1.
 1.         1.         1.         1.         0.96666667 1.
 1.         1.         1.         1.         1.         1.
 1.         1.         0.96666667 1.         1.         1.
 1.         1.         1.         1.         1.         1.
 0.96666667 1.         1.         1.        ]
Mean accuracy: 0.996688172043011
Dev: 0.009936414796028198


DT_mix_KM Cross-Validation Results accuracy:
 [0.96774194 0.96774194 0.96666667 1.         1.         0.96666667
 0.96666667 1.         1.         0.96666667 1.         1.
 0.96666667 0.9        1.         1.         1.         0.96666667
 0.96666667 0.93333333 0.93548387 1.         1.         1.
 0.93333333 1.         0.96666667 0.93333333 1.         0.96666667
 0.96774194 0.90322581 0.93333333 0.93333333 0.96666667 0.96666667
 0.96666667 1.         1.         1.         0.96774194 1.
 0.86666667 1.         1.         1.         0.96666667 0.93333333
 0.93333333 0.96666667 0.96774194 1.         1.         1.
 0.93333333 0.93333333 0.93333333 0.96666667 0.96666667 1.
 0.93548387 0.96774194 0.93333333 0.9        0.96666667 1.
 1.         1.         1.         1.         1.         1.
 1.         0.93333333 1.         0.96666667 0.96666667 0.9
 1.         0.93333333 0.96774194 0.90322581 1.         0.93333333
 0.93333333 1.         0.96666667 1.         1.         0.96666667
 0.93548387 0.96774194 1.         1.         0.9        0.9
 1.         1.         0.96666667 1.        ]
Mean accuracy: 0.9698817204301077
Dev: 0.03282071846628054


DT_smote_KM Cross-Validation Results accuracy:
 [0.96774194 1.         0.96666667 1.         1.         1.
 1.         1.         1.         1.         0.96774194 1.
 1.         1.         1.         1.         1.         0.93333333
 1.         0.96666667 1.         1.         0.93333333 1.
 1.         1.         0.96666667 0.96666667 0.96666667 1.
 1.         1.         1.         1.         1.         1.
 0.93333333 1.         1.         1.         1.         1.
 1.         1.         1.         1.         1.         0.96666667
 0.96666667 0.96666667 1.         1.         1.         1.
 1.         0.96666667 1.         1.         0.96666667 1.
 1.         0.96774194 0.93333333 0.96666667 1.         1.
 1.         0.96666667 1.         1.         1.         1.
 1.         0.93333333 0.96666667 1.         1.         0.96666667
 1.         0.96666667 1.         0.93548387 1.         1.
 0.96666667 1.         1.         1.         1.         0.96666667
 0.96774194 0.93548387 1.         1.         0.96666667 1.
 1.         1.         1.         1.        ]
Mean accuracy: 0.9880860215053764
Dev: 0.02012831999475059


DT_GAN_KM Cross-Validation Results accuracy:
 [0.96774194 1.         0.96666667 1.         1.         0.96666667
 1.         0.96666667 1.         1.         1.         1.
 1.         1.         1.         1.         1.         0.96666667
 0.96666667 0.93333333 0.93548387 1.         0.96666667 1.
 1.         1.         0.96666667 1.         1.         1.
 1.         1.         0.93333333 1.         0.93333333 1.
 0.96666667 0.93333333 1.         1.         0.96774194 1.
 1.         1.         1.         1.         0.96666667 1.
 1.         0.93333333 1.         1.         1.         1.
 1.         0.96666667 1.         0.96666667 0.96666667 1.
 0.90322581 0.96774194 0.93333333 0.93333333 1.         1.
 1.         1.         1.         1.         1.         0.96774194
 1.         0.93333333 1.         1.         0.96666667 0.93333333
 1.         1.         0.96774194 0.96774194 1.         1.
 0.96666667 1.         1.         1.         0.93333333 1.
 1.         0.90322581 1.         1.         0.96666667 1.
 0.93333333 1.         1.         1.        ]
Mean accuracy: 0.9831505376344086
Dev: 0.02574906477753246


DT_borderline_KM Cross-Validation Results accuracy:
 [0.96774194 1.         0.96666667 1.         0.96666667 1.
 1.         1.         1.         0.96666667 1.         1.
 1.         0.96666667 1.         1.         1.         0.93333333
 0.96666667 1.         1.         1.         0.96666667 1.
 1.         1.         0.96666667 0.96666667 1.         0.96666667
 1.         1.         0.96666667 1.         1.         0.96666667
 0.96666667 0.96666667 1.         1.         1.         1.
 0.96666667 1.         0.96666667 0.96666667 1.         1.
 1.         0.96666667 0.96774194 0.96774194 1.         1.
 1.         1.         0.96666667 1.         0.96666667 1.
 1.         1.         0.93333333 0.93333333 1.         1.
 1.         1.         1.         1.         1.         1.
 1.         0.9        1.         0.96666667 0.96666667 0.96666667
 1.         1.         0.96774194 0.96774194 1.         1.
 1.         1.         0.96666667 1.         1.         0.96666667
 1.         0.93548387 1.         1.         0.96666667 1.
 0.96666667 1.         1.         1.        ]
Mean accuracy: 0.9860752688172043
Dev: 0.02054206730293974


DT_mix_KM_SWAP Cross-Validation Results accuracy:
 [0.96774194 1.         0.96666667 1.         0.93333333 0.96666667
 1.         1.         1.         0.96666667 0.93548387 1.
 1.         1.         1.         1.         1.         0.96666667
 0.96666667 0.93333333 0.96774194 1.         0.96666667 1.
 1.         1.         0.93333333 0.96666667 1.         0.96666667
 0.96774194 1.         0.96666667 1.         0.96666667 0.96666667
 0.96666667 0.96666667 1.         1.         0.96774194 1.
 1.         1.         0.96666667 0.86666667 1.         1.
 1.         0.96666667 0.96774194 0.93548387 1.         1.
 0.96666667 1.         0.96666667 0.96666667 0.96666667 1.
 1.         0.96774194 0.93333333 0.93333333 1.         1.
 1.         1.         1.         1.         1.         1.
 1.         0.9        1.         0.96666667 0.93333333 0.93333333
 1.         1.         0.96774194 0.96774194 0.96666667 0.96666667
 0.96666667 0.93333333 0.96666667 1.         1.         1.
 1.         0.96774194 1.         1.         0.96666667 1.
 1.         1.         1.         0.96666667]
Mean accuracy: 0.97947311827957
Dev: 0.02603398572123064


DT_smote_KM_SWAP Cross-Validation Results accuracy:
 [0.96774194 0.96774194 1.         0.96666667 1.         1.
 1.         1.         1.         1.         0.96774194 1.
 0.96666667 1.         1.         1.         1.         0.93333333
 0.9        1.         1.         1.         1.         1.
 1.         0.96666667 0.96666667 1.         1.         1.
 0.96774194 1.         1.         0.93333333 1.         1.
 0.96666667 1.         1.         1.         1.         1.
 1.         1.         0.96666667 1.         1.         1.
 1.         0.96666667 0.96774194 1.         1.         1.
 1.         1.         1.         1.         0.93333333 1.
 1.         1.         0.93333333 0.96666667 1.         1.
 0.96666667 0.96666667 1.         1.         0.96774194 1.
 1.         0.93333333 1.         1.         1.         0.96666667
 1.         0.96666667 0.96774194 0.96774194 1.         1.
 0.96666667 1.         1.         1.         1.         1.
 1.         0.93548387 1.         1.         1.         1.
 1.         1.         0.96666667 0.96666667]
Mean accuracy: 0.9874408602150538
Dev: 0.021354784567170857


DT_GAN_KM_SWAP Cross-Validation Results accuracy:
 [0.96774194 1.         0.93333333 1.         1.         0.96666667
 0.96666667 1.         1.         1.         1.         1.
 1.         1.         1.         1.         1.         0.9
 0.96666667 0.93333333 0.96774194 0.96774194 1.         1.
 0.93333333 1.         0.96666667 1.         1.         1.
 1.         0.96774194 1.         1.         0.93333333 1.
 0.96666667 1.         1.         1.         0.96774194 1.
 1.         1.         1.         0.96666667 1.         1.
 1.         0.96666667 0.93548387 1.         1.         1.
 1.         1.         1.         1.         0.93333333 1.
 1.         0.96774194 1.         0.96666667 1.         1.
 1.         1.         1.         1.         1.         0.96774194
 1.         0.93333333 1.         1.         0.96666667 0.93333333
 1.         1.         1.         0.96774194 1.         1.
 0.93333333 1.         1.         1.         1.         1.
 0.96774194 0.93548387 1.         1.         0.96666667 1.
 1.         1.         1.         1.        ]
Mean accuracy: 0.9861397849462367
Dev: 0.023483189068046997


DT_borderline_KM_SWAP Cross-Validation Results accuracy:
 [0.93548387 0.96774194 1.         1.         1.         1.
 1.         1.         0.96666667 0.96666667 1.         1.
 0.96666667 0.96666667 1.         0.96666667 1.         0.93333333
 1.         1.         0.96774194 1.         1.         1.
 1.         0.96666667 0.96666667 0.96666667 0.96666667 0.96666667
 0.93548387 1.         0.93333333 1.         1.         0.96666667
 0.93333333 1.         1.         0.96666667 1.         1.
 1.         0.93333333 0.93333333 0.96666667 0.93333333 1.
 1.         0.96666667 0.93548387 1.         1.         1.
 0.96666667 1.         0.96666667 1.         0.96666667 1.
 0.93548387 1.         0.93333333 0.96666667 0.96666667 0.96666667
 1.         1.         1.         1.         1.         1.
 1.         0.93333333 1.         0.96666667 1.         0.93333333
 0.93333333 0.96666667 1.         0.93548387 0.96666667 1.
 0.96666667 1.         0.96666667 1.         0.96666667 0.96666667
 1.         0.93548387 0.96666667 1.         1.         0.96666667
 0.96666667 1.         0.93333333 1.        ]
Mean accuracy: 0.9781505376344086
Dev: 0.02480674757806393


DT_mix_CC Cross-Validation Results accuracy:
 [0.96774194 1.         1.         0.93333333 1.         0.96666667
 0.96666667 0.93333333 1.         0.96666667 0.96774194 0.96774194
 1.         0.96666667 0.96666667 1.         1.         1.
 0.9        1.         1.         0.93548387 1.         0.96666667
 1.         0.96666667 1.         1.         0.96666667 1.
 1.         1.         0.96666667 0.93333333 1.         1.
 0.96666667 1.         1.         1.         1.         1.
 0.93333333 0.86666667 1.         0.93333333 1.         0.96666667
 1.         1.         1.         1.         0.93333333 1.
 1.         0.96666667 1.         1.         0.93333333 0.93333333
 0.96774194 0.96774194 1.         0.96666667 0.96666667 0.96666667
 0.96666667 1.         1.         1.         1.         0.93548387
 0.86666667 1.         1.         1.         0.96666667 1.
 1.         0.96666667 1.         1.         1.         1.
 1.         0.93333333 0.96666667 0.96666667 1.         1.
 0.96774194 1.         1.         1.         1.         0.93333333
 0.9        1.         0.96666667 1.        ]
Mean accuracy: 0.9784408602150539
Dev: 0.03023604482653486


DT_smote_CC Cross-Validation Results accuracy:
 [0.93548387 1.         1.         1.         1.         1.
 1.         1.         0.93333333 0.96666667 1.         0.96774194
 1.         1.         1.         1.         1.         0.96666667
 0.9        1.         1.         0.93548387 0.96666667 1.
 1.         0.96666667 0.96666667 1.         1.         1.
 1.         0.96774194 0.96666667 0.96666667 1.         1.
 1.         0.96666667 1.         1.         1.         0.96774194
 1.         0.96666667 0.96666667 0.93333333 1.         1.
 0.96666667 1.         1.         1.         1.         1.
 1.         1.         1.         1.         0.93333333 0.96666667
 0.96774194 0.96774194 1.         0.96666667 1.         1.
 1.         1.         1.         0.96666667 1.         1.
 0.96666667 1.         1.         1.         0.93333333 0.96666667
 1.         1.         1.         1.         1.         1.
 1.         1.         0.93333333 0.96666667 1.         0.96666667
 1.         0.93548387 0.96666667 0.96666667 1.         1.
 0.96666667 1.         1.         1.        ]
Mean accuracy: 0.9851182795698926
Dev: 0.022605066159408205


DT_GAN_CC Cross-Validation Results accuracy:
 [0.93548387 1.         1.         1.         1.         0.96666667
 1.         1.         1.         1.         1.         0.96774194
 0.96666667 1.         1.         1.         1.         0.96666667
 0.9        1.         1.         0.93548387 1.         0.96666667
 1.         0.96666667 1.         1.         1.         1.
 1.         0.96774194 1.         0.96666667 1.         1.
 0.93333333 1.         1.         0.96666667 1.         1.
 1.         0.96666667 0.96666667 0.93333333 1.         0.96666667
 1.         1.         1.         1.         0.96666667 0.96666667
 1.         0.96666667 0.96666667 1.         0.93333333 0.93333333
 0.96774194 1.         0.96666667 0.96666667 0.93333333 1.
 1.         0.96666667 1.         1.         1.         0.96774194
 0.96666667 1.         1.         1.         0.96666667 0.96666667
 1.         1.         0.96774194 1.         1.         1.
 1.         1.         0.96666667 0.96666667 0.96666667 1.
 1.         0.96774194 1.         1.         1.         1.
 0.96666667 1.         0.96666667 0.96666667]
Mean accuracy: 0.983774193548387
Dev: 0.02221521770750069


DT_borderline_CC Cross-Validation Results accuracy:
 [0.96774194 1.         1.         1.         1.         1.
 0.96666667 0.96666667 0.96666667 1.         0.96774194 0.96774194
 1.         1.         1.         1.         1.         1.
 0.9        0.96666667 1.         0.90322581 1.         1.
 0.96666667 1.         1.         1.         1.         1.
 1.         1.         1.         0.96666667 0.96666667 0.96666667
 0.96666667 1.         0.93333333 1.         1.         0.96774194
 1.         0.96666667 1.         0.93333333 1.         1.
 1.         0.96666667 1.         1.         1.         0.96666667
 1.         1.         0.96666667 0.96666667 0.93333333 0.96666667
 0.96774194 0.96774194 1.         0.96666667 1.         1.
 0.96666667 1.         1.         1.         1.         1.
 0.93333333 1.         0.96666667 1.         0.93333333 1.
 1.         1.         1.         0.96774194 1.         0.93333333
 0.96666667 0.96666667 0.96666667 1.         1.         1.
 1.         0.96774194 1.         1.         1.         1.
 0.9        0.96666667 1.         1.        ]
Mean accuracy: 0.9831182795698926
Dev: 0.02455641850731387


RF_mix_NM Cross-Validation Results accuracy:
 [0.96774194 1.         1.         1.         1.         1.
 1.         1.         1.         1.         1.         1.
 1.         1.         1.         1.         1.         1.
 0.96666667 1.         1.         0.96774194 1.         1.
 1.         1.         1.         1.         1.         1.
 1.         1.         1.         0.96666667 1.         1.
 1.         1.         1.         1.         1.         1.
 1.         0.96666667 1.         1.         1.         1.
 1.         1.         1.         1.         1.         1.
 1.         1.         1.         1.         1.         0.96666667
 0.96774194 1.         1.         0.96666667 1.         1.
 1.         1.         1.         1.         1.         1.
 1.         0.96666667 1.         1.         0.96666667 1.
 1.         1.         1.         1.         1.         1.
 1.         1.         0.96666667 1.         1.         0.96666667
 1.         1.         1.         0.96666667 0.96666667 1.
 0.96666667 1.         1.         1.        ]
Mean accuracy: 0.9950322580645161
Dev: 0.011826764358249914


RF_smote_NM Cross-Validation Results accuracy:
 [0.96774194 0.96774194 1.         1.         1.         1.
 1.         1.         1.         1.         1.         0.96774194
 1.         1.         1.         1.         1.         1.
 0.96666667 1.         0.96774194 0.96774194 1.         1.
 1.         1.         1.         1.         1.         1.
 1.         1.         1.         0.93333333 1.         1.
 1.         1.         1.         1.         1.         1.
 1.         0.96666667 0.96666667 1.         1.         1.
 1.         1.         1.         1.         1.         1.
 0.96666667 1.         1.         0.96666667 1.         0.96666667
 1.         1.         1.         0.96666667 1.         1.
 1.         0.96666667 1.         1.         1.         1.
 1.         0.96666667 1.         1.         0.96666667 1.
 1.         1.         1.         1.         1.         0.96666667
 0.96666667 1.         0.96666667 1.         1.         1.
 1.         1.         1.         1.         1.         0.96666667
 0.96666667 1.         1.         1.        ]
Mean accuracy: 0.992720430107527
Dev: 0.014496486112435904


RF_GAN_NM Cross-Validation Results accuracy:
 [0.93548387 1.         1.         1.         1.         1.
 1.         0.96666667 0.96666667 0.96666667 1.         1.
 1.         1.         0.96666667 1.         1.         1.
 0.96666667 1.         1.         0.90322581 1.         1.
 1.         0.96666667 1.         1.         1.         0.96666667
 1.         1.         1.         0.96666667 0.96666667 1.
 0.96666667 1.         1.         1.         1.         1.
 0.96666667 0.96666667 0.96666667 0.96666667 1.         1.
 0.93333333 1.         1.         1.         0.96666667 1.
 1.         1.         1.         1.         0.96666667 0.96666667
 1.         0.96774194 1.         0.96666667 1.         1.
 0.96666667 1.         1.         1.         1.         1.
 1.         1.         1.         0.96666667 0.93333333 1.
 1.         1.         1.         1.         1.         0.96666667
 0.93333333 0.93333333 0.96666667 1.         1.         1.
 0.96774194 1.         1.         1.         0.96666667 1.
 0.96666667 1.         1.         1.        ]
Mean accuracy: 0.9870752688172044
Dev: 0.020820258817937986


RF_borderline_NM Cross-Validation Results accuracy:
 [0.96774194 1.         1.         1.         1.         1.
 1.         1.         1.         1.         1.         1.
 1.         1.         1.         1.         1.         1.
 0.96666667 1.         1.         0.96774194 1.         1.
 1.         1.         1.         1.         1.         1.
 1.         1.         1.         0.96666667 1.         1.
 1.         1.         1.         1.         1.         1.
 1.         0.96666667 0.96666667 1.         1.         1.
 1.         1.         1.         1.         1.         1.
 1.         1.         1.         1.         1.         0.96666667
 1.         1.         1.         0.96666667 1.         1.
 1.         1.         1.         1.         1.         1.
 1.         1.         1.         1.         0.96666667 1.
 1.         1.         1.         1.         1.         1.
 1.         1.         0.96666667 1.         1.         1.
 1.         1.         1.         1.         1.         1.
 0.96666667 1.         1.         1.        ]
Mean accuracy: 0.9963548387096774
Dev: 0.010369399871451992


RF_mix_KM Cross-Validation Results accuracy:
 [0.96774194 0.96774194 0.96666667 0.96666667 0.96666667 0.96666667
 1.         1.         1.         1.         1.         1.
 1.         0.96666667 1.         1.         0.96666667 0.93333333
 1.         1.         0.96774194 1.         1.         1.
 1.         0.96666667 0.96666667 0.96666667 1.         0.96666667
 1.         0.96774194 1.         1.         1.         1.
 0.96666667 1.         1.         1.         1.         0.96774194
 0.96666667 1.         1.         1.         1.         1.
 1.         1.         1.         1.         1.         1.
 1.         1.         0.96666667 1.         0.93333333 0.96666667
 1.         1.         0.96666667 0.93333333 1.         1.
 1.         0.96666667 1.         1.         1.         1.
 1.         0.96666667 1.         1.         0.96666667 1.
 1.         1.         0.96774194 0.96774194 0.96666667 1.
 1.         1.         1.         1.         1.         0.96666667
 1.         0.96774194 1.         1.         1.         1.
 0.96666667 1.         1.         1.        ]
Mean accuracy: 0.9884193548387098
Dev: 0.0177708171568189


RF_smote_KM Cross-Validation Results accuracy:
 [0.96774194 1.         0.93333333 1.         1.         1.
 1.         0.96666667 1.         1.         0.96774194 1.
 1.         0.96666667 1.         1.         0.93333333 0.96666667
 0.96666667 1.         1.         1.         1.         1.
 1.         1.         0.96666667 0.96666667 0.93333333 1.
 0.96774194 1.         1.         0.96666667 1.         1.
 0.93333333 1.         1.         1.         1.         0.93548387
 0.96666667 0.96666667 1.         1.         1.         1.
 0.96666667 0.96666667 1.         1.         1.         1.
 1.         0.93333333 0.93333333 1.         0.93333333 1.
 1.         1.         0.96666667 0.96666667 1.         1.
 1.         0.93333333 1.         1.         0.93548387 1.
 1.         0.93333333 0.96666667 1.         0.96666667 0.96666667
 1.         1.         1.         0.96774194 1.         1.
 1.         1.         0.96666667 1.         0.96666667 0.93333333
 1.         0.96774194 1.         1.         0.96666667 1.
 0.96666667 1.         1.         1.        ]
Mean accuracy: 0.983763440860215
Dev: 0.023201650122122972


RF_GAN_KM Cross-Validation Results accuracy:
 [1.         1.         0.93333333 0.96666667 1.         1.
 1.         0.93333333 0.96666667 1.         1.         0.96774194
 1.         0.96666667 1.         1.         1.         0.96666667
 1.         1.         0.96774194 0.96774194 1.         1.
 1.         1.         1.         0.96666667 0.96666667 0.96666667
 1.         1.         0.96666667 0.96666667 0.96666667 0.96666667
 1.         1.         0.96666667 1.         0.96774194 0.96774194
 0.96666667 0.96666667 1.         1.         1.         0.96666667
 1.         0.96666667 1.         1.         1.         0.96666667
 1.         1.         0.96666667 0.96666667 0.96666667 1.
 0.93548387 1.         0.96666667 1.         0.96666667 1.
 1.         1.         1.         1.         1.         0.96774194
 1.         1.         1.         1.         0.96666667 0.96666667
 0.96666667 1.         1.         0.96774194 1.         1.
 1.         1.         0.93333333 1.         1.         0.96666667
 1.         1.         1.         1.         1.         0.96666667
 0.96666667 0.96666667 1.         1.        ]
Mean accuracy: 0.9854301075268819
Dev: 0.018913960155749202


RF_borderline_KM Cross-Validation Results accuracy:
 [0.96774194 1.         0.96666667 1.         0.93333333 1.
 1.         1.         1.         1.         1.         1.
 1.         0.96666667 1.         1.         1.         0.93333333
 0.96666667 1.         1.         1.         0.96666667 1.
 1.         1.         0.96666667 0.96666667 1.         0.96666667
 1.         1.         1.         1.         1.         0.96666667
 0.96666667 0.96666667 1.         1.         1.         1.
 0.96666667 1.         0.96666667 0.96666667 1.         1.
 1.         0.93333333 0.96774194 0.96774194 1.         1.
 1.         1.         0.96666667 1.         0.96666667 1.
 1.         1.         0.93333333 0.93333333 1.         1.
 1.         0.96666667 1.         1.         1.         1.
 0.93333333 0.9        1.         0.96666667 0.96666667 0.96666667
 1.         1.         0.96774194 0.96774194 1.         1.
 1.         1.         0.96666667 0.96666667 1.         0.96666667
 1.         0.93548387 1.         1.         0.93333333 1.
 0.96666667 1.         1.         1.        ]
Mean accuracy: 0.9844086021505377
Dev: 0.022742634524958928


RF_mix_KM_SWAP Cross-Validation Results accuracy:
 [0.93548387 1.         0.96666667 1.         1.         1.
 0.96666667 1.         1.         1.         1.         1.
 1.         0.96666667 0.96666667 0.96666667 1.         0.93333333
 1.         1.         0.96774194 0.96774194 0.96666667 1.
 1.         1.         0.96666667 0.96666667 1.         0.96666667
 1.         0.96774194 1.         1.         0.96666667 0.96666667
 0.96666667 1.         1.         1.         0.96774194 1.
 0.96666667 1.         0.93333333 0.96666667 1.         1.
 1.         0.96666667 1.         1.         0.96666667 1.
 0.96666667 1.         0.96666667 0.96666667 0.96666667 1.
 1.         0.96774194 0.96666667 0.96666667 1.         1.
 1.         0.96666667 1.         1.         1.         1.
 1.         0.93333333 1.         0.96666667 0.93333333 0.96666667
 1.         1.         1.         0.96774194 1.         1.
 0.96666667 0.96666667 1.         1.         1.         0.96666667
 1.         0.96774194 1.         1.         1.         1.
 0.9        1.         1.         1.        ]
Mean accuracy: 0.9840967741935487
Dev: 0.021223581171278375


RF_smote_KM_SWAP Cross-Validation Results accuracy:
 [0.96774194 1.         0.96666667 0.96666667 1.         1.
 1.         1.         1.         1.         1.         1.
 1.         0.96666667 1.         0.96666667 1.         0.96666667
 1.         1.         1.         1.         1.         1.
 1.         0.96666667 0.96666667 0.96666667 0.96666667 1.
 0.96774194 1.         1.         1.         1.         0.96666667
 0.96666667 1.         1.         1.         1.         1.
 0.96666667 1.         0.96666667 1.         1.         1.
 1.         0.96666667 0.96774194 1.         1.         1.
 1.         1.         0.96666667 1.         0.93333333 1.
 1.         1.         0.96666667 0.96666667 1.         1.
 1.         1.         1.         0.96666667 0.96774194 1.
 1.         0.96666667 1.         1.         0.96666667 0.96666667
 1.         1.         1.         0.96774194 1.         1.
 0.96666667 1.         1.         1.         1.         0.96666667
 1.         0.96774194 1.         1.         1.         1.
 0.96666667 1.         0.96666667 1.        ]
Mean accuracy: 0.9890645161290322
Dev: 0.016281043526433774


RF_GAN_KM_SWAP Cross-Validation Results accuracy:
 [0.96774194 0.96774194 0.96666667 1.         0.96666667 0.96666667
 1.         1.         1.         1.         1.         1.
 1.         0.96666667 1.         0.96666667 1.         0.96666667
 1.         0.96666667 0.96774194 1.         1.         1.
 1.         1.         0.96666667 0.93333333 1.         1.
 1.         0.96774194 1.         0.96666667 1.         1.
 0.96666667 1.         1.         1.         1.         0.96774194
 0.96666667 0.93333333 0.96666667 1.         1.         1.
 1.         0.96666667 1.         1.         1.         1.
 0.96666667 0.96666667 0.96666667 1.         0.96666667 1.
 1.         0.93548387 0.96666667 0.96666667 1.         1.
 1.         0.96666667 1.         1.         1.         1.
 1.         0.96666667 1.         1.         0.96666667 0.96666667
 0.96666667 1.         1.         0.96774194 1.         0.96666667
 0.96666667 1.         1.         1.         1.         0.96666667
 0.96774194 0.96774194 1.         1.         1.         0.96666667
 1.         1.         1.         1.        ]
Mean accuracy: 0.9861075268817205
Dev: 0.018217275257762577


RF_borderline_KM_SWAP Cross-Validation Results accuracy:
 [0.96774194 0.93548387 0.96666667 1.         1.         1.
 1.         1.         1.         0.96666667 1.         0.96774194
 0.96666667 0.96666667 1.         1.         1.         0.93333333
 1.         1.         0.93548387 1.         1.         1.
 1.         1.         0.96666667 0.96666667 1.         0.96666667
 1.         1.         0.93333333 0.96666667 1.         0.96666667
 0.96666667 1.         1.         1.         1.         1.
 0.96666667 1.         1.         0.96666667 0.96666667 1.
 1.         0.96666667 0.96774194 1.         1.         1.
 1.         1.         0.93333333 1.         0.96666667 1.
 1.         1.         0.93333333 0.96666667 0.96666667 1.
 1.         0.96666667 1.         1.         1.         1.
 1.         0.93333333 1.         0.96666667 0.96666667 0.93333333
 1.         1.         1.         0.96774194 1.         0.96666667
 0.96666667 1.         0.96666667 1.         1.         0.96666667
 1.         0.93548387 0.96666667 1.         1.         0.93333333
 0.96666667 1.         1.         1.        ]
Mean accuracy: 0.9834408602150537
Dev: 0.02218756691922054


RF_mix_CC Cross-Validation Results accuracy:
 [0.96774194 1.         1.         1.         1.         1.
 0.96666667 1.         0.93333333 1.         1.         0.96774194
 1.         1.         0.96666667 1.         1.         1.
 0.93333333 1.         1.         0.93548387 1.         1.
 1.         1.         1.         1.         1.         1.
 1.         1.         0.96666667 0.93333333 1.         1.
 0.96666667 1.         1.         1.         1.         1.
 0.96666667 0.96666667 1.         0.96666667 1.         0.96666667
 1.         0.96666667 0.96774194 1.         1.         1.
 1.         0.96666667 1.         1.         0.96666667 0.93333333
 0.96774194 1.         1.         0.96666667 1.         1.
 1.         1.         0.96666667 1.         0.96774194 0.96774194
 0.96666667 1.         1.         1.         0.93333333 1.
 1.         1.         1.         1.         1.         1.
 1.         1.         0.96666667 0.96666667 1.         1.
 0.96774194 1.         0.96666667 1.         1.         1.
 0.96666667 1.         1.         1.        ]
Mean accuracy: 0.9877634408602151
Dev: 0.019671119503899857


RF_smote_CC Cross-Validation Results accuracy:
 [0.96774194 1.         1.         1.         1.         1.
 0.93333333 1.         1.         0.96666667 1.         1.
 0.96666667 1.         1.         1.         1.         1.
 0.93333333 1.         1.         0.96774194 0.96666667 1.
 1.         0.93333333 1.         1.         1.         1.
 1.         1.         1.         0.96666667 1.         1.
 1.         0.96666667 1.         1.         1.         1.
 1.         0.96666667 0.96666667 0.96666667 1.         1.
 1.         1.         1.         1.         0.96666667 1.
 1.         1.         1.         1.         0.96666667 0.96666667
 0.96774194 0.96774194 1.         0.96666667 1.         1.
 1.         1.         1.         0.96666667 1.         1.
 1.         1.         1.         1.         0.93333333 0.96666667
 1.         1.         1.         1.         1.         1.
 0.96666667 1.         0.93333333 0.96666667 1.         1.
 0.96774194 1.         1.         0.96666667 1.         1.
 0.96666667 1.         1.         1.        ]
Mean accuracy: 0.9890537634408603
Dev: 0.018826344938142156


RF_GAN_CC Cross-Validation Results accuracy:
 [0.93548387 1.         1.         1.         0.96666667 0.96666667
 0.96666667 1.         1.         1.         1.         1.
 0.93333333 1.         1.         0.93333333 1.         1.
 0.93333333 1.         1.         0.93548387 1.         1.
 1.         0.96666667 1.         1.         1.         0.96666667
 1.         1.         1.         0.96666667 1.         1.
 0.96666667 1.         1.         0.93333333 0.96774194 1.
 1.         0.96666667 1.         0.96666667 1.         1.
 1.         0.96666667 1.         0.93548387 1.         0.96666667
 1.         1.         1.         0.96666667 0.96666667 0.96666667
 1.         1.         1.         0.96666667 1.         1.
 1.         1.         0.9        1.         0.96774194 0.96774194
 1.         1.         1.         1.         0.93333333 1.
 1.         0.96666667 0.90322581 1.         0.96666667 1.
 1.         1.         1.         0.96666667 1.         1.
 1.         1.         0.96666667 1.         0.93333333 0.96666667
 0.96666667 1.         1.         0.96666667]
Mean accuracy: 0.9837956989247312
Dev: 0.024459591004176075


RF_borderline_CC Cross-Validation Results accuracy:
 [0.93548387 1.         1.         1.         1.         0.96666667
 0.96666667 0.96666667 1.         1.         0.96774194 1.
 1.         1.         1.         1.         1.         1.
 0.9        1.         1.         0.90322581 1.         0.96666667
 1.         1.         1.         1.         1.         1.
 1.         1.         1.         0.96666667 0.96666667 0.93333333
 0.96666667 1.         1.         1.         1.         0.96774194
 1.         0.96666667 1.         0.93333333 1.         1.
 1.         1.         1.         1.         1.         1.
 1.         1.         1.         0.96666667 0.93333333 0.96666667
 0.93548387 0.96774194 1.         0.96666667 1.         1.
 1.         1.         1.         1.         0.96774194 1.
 0.93333333 1.         1.         1.         0.93333333 1.
 1.         1.         1.         1.         1.         0.93333333
 0.96666667 1.         0.96666667 1.         1.         1.
 0.96774194 0.96774194 1.         1.         1.         1.
 0.93333333 0.96666667 1.         1.        ]
Mean accuracy: 0.9854731182795701
Dev: 0.024392015111557534


XGB_mix_NM Cross-Validation Results accuracy:
 [0.93548387 0.96774194 1.         1.         1.         1.
 1.         1.         0.96666667 1.         1.         1.
 1.         1.         0.96666667 0.96666667 1.         0.96666667
 0.96666667 1.         1.         0.93548387 1.         0.96666667
 1.         1.         1.         1.         0.96666667 1.
 1.         1.         1.         0.93333333 1.         1.
 0.93333333 1.         1.         0.96666667 1.         1.
 1.         0.93333333 0.96666667 1.         1.         0.96666667
 1.         1.         0.96774194 1.         0.96666667 1.
 1.         1.         1.         1.         1.         0.93333333
 0.96774194 1.         0.96666667 0.96666667 1.         1.
 0.96666667 1.         1.         1.         1.         1.
 1.         0.96666667 1.         0.96666667 0.96666667 0.96666667
 1.         1.         1.         1.         1.         1.
 0.96666667 1.         0.96666667 1.         0.96666667 0.96666667
 1.         0.96774194 1.         0.96666667 0.96666667 0.93333333
 0.96666667 1.         1.         1.        ]
Mean accuracy: 0.9857526881720431
Dev: 0.020539815793627896


XGB_smote_NM Cross-Validation Results accuracy:
 [0.93548387 1.         1.         1.         1.         1.
 1.         1.         0.96666667 1.         1.         0.96774194
 1.         1.         0.96666667 1.         1.         1.
 0.96666667 1.         1.         0.93548387 1.         1.
 1.         1.         1.         1.         0.96666667 1.
 1.         1.         1.         0.96666667 1.         1.
 0.96666667 1.         1.         0.96666667 1.         1.
 1.         0.93333333 0.96666667 1.         1.         1.
 1.         1.         0.96774194 1.         0.96666667 1.
 1.         1.         1.         1.         1.         0.96666667
 0.96774194 1.         1.         0.96666667 1.         1.
 0.96666667 1.         1.         1.         1.         1.
 1.         1.         1.         0.96666667 0.96666667 0.96666667
 1.         1.         1.         1.         1.         1.
 0.96666667 1.         0.96666667 1.         0.96666667 1.
 1.         0.96774194 1.         1.         0.96666667 1.
 0.96666667 1.         1.         1.        ]
Mean accuracy: 0.9900860215053764
Dev: 0.017124532817978287


XGB_GAN_NM Cross-Validation Results accuracy:
 [0.93548387 1.         1.         0.96666667 1.         1.
 0.96666667 0.93333333 1.         1.         1.         0.93548387
 1.         1.         0.96666667 1.         1.         0.96666667
 0.96666667 1.         1.         0.93548387 0.96666667 1.
 0.93333333 1.         1.         1.         0.96666667 0.96666667
 1.         1.         1.         0.93333333 0.96666667 1.
 0.96666667 1.         0.96666667 1.         1.         1.
 0.93333333 0.93333333 0.96666667 0.96666667 0.96666667 1.
 0.9        1.         0.96774194 1.         0.96666667 1.
 1.         0.96666667 1.         1.         1.         0.93333333
 1.         1.         0.96666667 0.96666667 1.         0.96666667
 0.96666667 1.         1.         0.96666667 1.         0.96774194
 1.         0.96666667 1.         0.93333333 0.96666667 0.96666667
 1.         1.         1.         1.         1.         1.
 0.93333333 1.         0.96666667 0.96666667 0.96666667 0.93333333
 0.93548387 1.         1.         0.9        0.96666667 1.
 0.96666667 1.         1.         1.        ]
Mean accuracy: 0.9791075268817204
Dev: 0.025942854121376112


XGB_borderline_NM Cross-Validation Results accuracy:
 [0.93548387 0.96774194 1.         1.         1.         1.
 1.         1.         0.96666667 1.         1.         1.
 1.         1.         0.96666667 1.         0.96666667 0.96666667
 0.93333333 1.         1.         0.93548387 1.         1.
 1.         0.96666667 1.         1.         0.96666667 1.
 1.         1.         1.         0.96666667 1.         1.
 0.96666667 1.         1.         0.96666667 1.         1.
 1.         0.9        0.96666667 1.         1.         1.
 1.         1.         0.96774194 1.         0.93333333 1.
 1.         1.         1.         1.         1.         0.96666667
 0.96774194 0.96774194 1.         0.96666667 1.         1.
 0.96666667 1.         1.         1.         1.         1.
 1.         0.96666667 1.         0.96666667 0.96666667 0.96666667
 1.         1.         1.         1.         1.         1.
 0.96666667 1.         0.93333333 1.         0.96666667 1.
 1.         0.96774194 1.         1.         0.96666667 1.
 0.96666667 1.         1.         1.        ]
Mean accuracy: 0.9870967741935485
Dev: 0.020867419219368365


XGB_mix_KM Cross-Validation Results accuracy:
 [0.96774194 1.         0.96666667 1.         0.96666667 0.96666667
 1.         0.96666667 1.         1.         1.         0.96774194
 1.         0.93333333 1.         0.96666667 0.96666667 0.96666667
 1.         0.96666667 1.         0.96774194 1.         1.
 1.         0.96666667 0.96666667 0.96666667 1.         1.
 1.         0.96774194 1.         1.         0.96666667 0.96666667
 0.96666667 0.96666667 1.         0.96666667 0.96774194 1.
 0.93333333 1.         1.         1.         1.         1.
 0.96666667 0.96666667 1.         1.         0.96666667 1.
 0.96666667 0.96666667 0.96666667 0.96666667 0.96666667 0.96666667
 1.         0.96774194 0.96666667 0.93333333 1.         0.96666667
 1.         0.96666667 1.         1.         1.         1.
 0.93333333 0.93333333 1.         1.         0.96666667 0.9
 1.         1.         0.96774194 0.96774194 1.         1.
 0.96666667 1.         1.         0.96666667 1.         0.93333333
 0.96774194 0.96774194 1.         1.         0.9        0.96666667
 0.96666667 1.         1.         1.        ]
Mean accuracy: 0.9797741935483874
Dev: 0.022984959415841947


XGB_smote_KM Cross-Validation Results accuracy:
 [0.96774194 1.         0.96666667 1.         1.         1.
 1.         1.         1.         1.         0.96774194 0.96774194
 1.         1.         1.         1.         1.         0.96666667
 1.         1.         0.96774194 1.         1.         1.
 1.         1.         0.96666667 1.         0.93333333 1.
 1.         1.         1.         0.96666667 1.         1.
 0.93333333 1.         1.         1.         1.         1.
 1.         1.         0.96666667 1.         1.         1.
 0.96666667 0.93333333 1.         1.         1.         1.
 0.96666667 1.         1.         1.         0.86666667 1.
 1.         1.         0.96666667 0.96666667 1.         1.
 1.         0.93333333 1.         1.         1.         1.
 1.         0.93333333 0.96666667 1.         0.96666667 0.96666667
 1.         1.         1.         0.96774194 1.         0.96666667
 1.         1.         1.         1.         1.         0.93333333
 1.         0.96774194 1.         0.96666667 0.96666667 0.96666667
 1.         1.         1.         1.        ]
Mean accuracy: 0.9873978494623656
Dev: 0.02293126659451299


XGB_GAN_KM Cross-Validation Results accuracy:
 [0.96774194 1.         0.96666667 1.         1.         1.
 1.         0.93333333 0.96666667 1.         1.         1.
 1.         1.         1.         1.         0.93333333 0.96666667
 0.96666667 0.93333333 0.96774194 1.         0.96666667 1.
 1.         1.         0.96666667 1.         1.         0.96666667
 0.96774194 1.         0.96666667 1.         0.96666667 1.
 0.96666667 0.96666667 1.         1.         0.93548387 1.
 1.         1.         0.96666667 1.         1.         1.
 1.         0.93333333 1.         1.         1.         1.
 0.96666667 0.96666667 1.         0.96666667 0.93333333 1.
 0.96774194 0.96774194 0.96666667 0.93333333 1.         1.
 1.         1.         1.         1.         0.96774194 0.96774194
 1.         1.         1.         1.         0.96666667 0.93333333
 1.         1.         0.96774194 0.96774194 1.         1.
 0.96666667 1.         1.         1.         0.96666667 1.
 0.96774194 0.93548387 1.         1.         1.         0.96666667
 0.93333333 1.         0.96666667 1.        ]
Mean accuracy: 0.9831505376344087
Dev: 0.022187595579923065


XGB_borderline_KM Cross-Validation Results accuracy:
 [0.96774194 0.96774194 0.96666667 1.         0.93333333 1.
 1.         1.         1.         0.96666667 1.         0.96774194
 1.         0.96666667 1.         1.         0.96666667 0.96666667
 0.96666667 1.         1.         1.         0.96666667 1.
 1.         0.96666667 0.96666667 0.96666667 1.         1.
 1.         1.         1.         1.         1.         0.96666667
 0.96666667 0.96666667 1.         0.96666667 1.         1.
 0.96666667 1.         0.93333333 1.         1.         1.
 1.         0.93333333 1.         0.96774194 1.         1.
 0.96666667 1.         0.96666667 1.         0.96666667 1.
 1.         1.         0.96666667 0.93333333 1.         0.96666667
 1.         1.         1.         1.         1.         1.
 0.96666667 0.9        1.         1.         0.96666667 0.96666667
 1.         1.         0.96774194 0.96774194 0.96666667 1.
 1.         1.         1.         0.96666667 1.         0.96666667
 1.         0.96774194 1.         0.96666667 0.93333333 1.
 0.96666667 1.         1.         1.        ]
Mean accuracy: 0.9840752688172044
Dev: 0.021273858628182603


XGB_mix_KM_SWAP Cross-Validation Results accuracy:
 [0.96774194 0.96774194 0.96666667 1.         1.         1.
 0.96666667 0.93333333 1.         1.         0.96774194 1.
 1.         0.96666667 0.96666667 1.         0.96666667 0.96666667
 1.         0.96666667 0.93548387 0.96774194 0.96666667 1.
 1.         1.         0.93333333 0.96666667 1.         1.
 1.         1.         0.96666667 0.9        0.96666667 0.93333333
 0.96666667 1.         1.         1.         0.96774194 1.
 0.96666667 0.96666667 0.96666667 0.86666667 1.         1.
 1.         0.96666667 1.         0.90322581 1.         0.96666667
 1.         0.96666667 0.96666667 0.96666667 0.96666667 1.
 1.         0.93548387 0.96666667 0.96666667 1.         1.
 1.         1.         1.         0.96666667 1.         1.
 1.         0.9        1.         1.         0.93333333 0.93333333
 1.         0.96666667 1.         0.96774194 0.96666667 0.93333333
 0.96666667 1.         1.         1.         1.         0.96666667
 1.         0.96774194 0.96666667 1.         0.96666667 0.96666667
 0.93333333 1.         1.         0.96666667]
Mean accuracy: 0.9768172043010753
Dev: 0.0275089491319603


XGB_smote_KM_SWAP Cross-Validation Results accuracy:
 [0.96774194 0.93548387 1.         0.96666667 1.         1.
 1.         1.         1.         1.         1.         0.96774194
 1.         1.         1.         0.96666667 1.         0.96666667
 1.         1.         0.96774194 1.         1.         1.
 1.         0.96666667 0.96666667 1.         1.         1.
 0.96774194 1.         1.         0.96666667 1.         1.
 0.96666667 1.         1.         1.         1.         1.
 1.         1.         0.93333333 1.         1.         1.
 1.         0.96666667 0.96774194 1.         1.         1.
 0.96666667 1.         1.         1.         0.93333333 1.
 1.         1.         0.96666667 0.96666667 1.         0.96666667
 0.96666667 0.96666667 1.         0.96666667 0.96774194 1.
 1.         0.93333333 1.         1.         1.         0.96666667
 1.         1.         1.         0.96774194 1.         0.96666667
 0.96666667 1.         1.         1.         1.         1.
 1.         0.96774194 1.         1.         1.         0.96666667
 1.         1.         0.96666667 1.        ]
Mean accuracy: 0.9881075268817204
Dev: 0.018411805067558216


XGB_GAN_KM_SWAP Cross-Validation Results accuracy:
 [0.96774194 0.96774194 1.         0.96666667 0.96666667 0.96666667
 1.         0.96666667 1.         0.96666667 1.         0.96774194
 1.         1.         1.         0.96666667 0.96666667 0.96666667
 1.         0.96666667 0.87096774 1.         1.         1.
 1.         1.         0.96666667 0.96666667 1.         1.
 1.         0.96774194 1.         0.96666667 0.96666667 1.
 0.96666667 1.         1.         0.96666667 0.96774194 0.96774194
 0.96666667 1.         0.96666667 1.         1.         1.
 1.         0.96666667 0.96774194 1.         1.         1.
 0.93333333 0.96666667 1.         0.96666667 0.96666667 1.
 1.         0.90322581 1.         0.96666667 1.         1.
 1.         0.93333333 1.         1.         1.         1.
 0.96666667 0.96666667 1.         0.96666667 1.         0.93333333
 0.96666667 1.         1.         0.96774194 1.         0.96666667
 0.93333333 1.         1.         1.         1.         0.96666667
 0.96774194 0.96774194 0.96666667 0.96666667 0.96666667 0.96666667
 1.         1.         1.         1.        ]
Mean accuracy: 0.9811827956989247
Dev: 0.023312016425854017


XGB_borderline_KM_SWAP Cross-Validation Results accuracy:
 [0.96774194 0.93548387 0.96666667 1.         1.         1.
 1.         1.         1.         1.         1.         0.96774194
 0.96666667 0.96666667 1.         1.         1.         0.96666667
 1.         1.         0.93548387 1.         1.         1.
 1.         1.         0.96666667 0.96666667 1.         1.
 0.96774194 1.         0.96666667 0.96666667 1.         0.96666667
 0.96666667 1.         1.         1.         1.         1.
 0.96666667 1.         0.96666667 1.         0.96666667 1.
 1.         0.96666667 1.         1.         1.         1.
 0.96666667 1.         0.93333333 1.         0.96666667 1.
 1.         1.         0.93333333 0.96666667 0.96666667 0.96666667
 1.         0.96666667 1.         1.         1.         1.
 1.         0.93333333 1.         1.         0.96666667 0.93333333
 1.         1.         1.         0.96774194 0.96666667 0.96666667
 0.96666667 1.         1.         1.         1.         0.96666667
 1.         0.96774194 1.         0.96666667 1.         0.93333333
 0.96666667 1.         1.         1.        ]
Mean accuracy: 0.9847634408602152
Dev: 0.020623899782158915


XGB_mix_CC Cross-Validation Results accuracy:
 [0.96774194 0.96774194 1.         1.         1.         0.96666667
 0.96666667 0.96666667 0.96666667 1.         1.         1.
 1.         1.         0.9        1.         0.96666667 1.
 0.9        1.         1.         0.93548387 1.         0.96666667
 1.         1.         1.         0.96666667 0.96666667 0.96666667
 1.         1.         1.         0.9        0.96666667 0.96666667
 0.96666667 1.         1.         1.         1.         1.
 0.96666667 0.93333333 1.         0.96666667 0.96666667 0.96666667
 1.         1.         1.         1.         0.96666667 1.
 1.         0.93333333 1.         0.96666667 0.96666667 0.96666667
 0.96774194 0.96774194 1.         0.96666667 0.96666667 0.86666667
 1.         1.         0.96666667 1.         1.         0.93548387
 0.96666667 0.96666667 1.         1.         0.93333333 1.
 1.         0.96666667 1.         1.         1.         1.
 0.93333333 0.96666667 0.96666667 0.96666667 1.         1.
 0.93548387 1.         0.96666667 1.         1.         1.
 0.9        0.96666667 0.93333333 1.        ]
Mean accuracy: 0.9777741935483871
Dev: 0.028582358339230257


XGB_smote_CC Cross-Validation Results accuracy:
 [0.96774194 1.         1.         1.         1.         1.
 0.93333333 1.         1.         0.96666667 1.         1.
 0.96666667 1.         0.96666667 1.         1.         1.
 0.9        1.         1.         0.96774194 1.         1.
 1.         0.96666667 1.         1.         1.         1.
 1.         1.         1.         0.96666667 1.         1.
 0.96666667 0.96666667 1.         1.         1.         1.
 1.         0.96666667 0.93333333 0.96666667 1.         1.
 1.         1.         1.         1.         0.93333333 1.
 1.         0.93333333 1.         1.         0.96666667 0.96666667
 1.         1.         1.         0.96666667 1.         1.
 0.96666667 1.         1.         0.96666667 1.         1.
 1.         1.         1.         0.96666667 0.96666667 0.96666667
 1.         1.         1.         1.         1.         1.
 0.96666667 1.         0.93333333 1.         1.         1.
 1.         1.         1.         0.96666667 0.96666667 1.
 0.96666667 1.         1.         1.        ]
Mean accuracy: 0.9880215053763441
Dev: 0.020805837561442622


XGB_GAN_CC Cross-Validation Results accuracy:
 [0.93548387 1.         1.         1.         0.96666667 0.93333333
 1.         1.         1.         1.         1.         0.96774194
 0.96666667 1.         1.         0.96666667 1.         1.
 0.9        1.         1.         0.93548387 1.         0.96666667
 1.         0.96666667 1.         1.         1.         0.96666667
 1.         0.96774194 1.         0.96666667 1.         1.
 0.93333333 1.         1.         0.96666667 1.         1.
 1.         0.96666667 0.96666667 0.96666667 1.         0.96666667
 1.         1.         1.         0.96774194 1.         0.96666667
 1.         0.96666667 1.         0.96666667 0.96666667 0.96666667
 0.96774194 1.         0.96666667 0.96666667 1.         1.
 1.         1.         0.9        1.         1.         0.93548387
 0.96666667 1.         1.         1.         0.96666667 1.
 1.         1.         0.93548387 1.         1.         1.
 1.         1.         0.96666667 0.96666667 0.96666667 1.
 1.         1.         1.         1.         0.96666667 0.96666667
 0.96666667 1.         0.96666667 0.96666667]
Mean accuracy: 0.9831290322580645
Dev: 0.023121377636876054


XGB_borderline_CC Cross-Validation Results accuracy:
 [0.93548387 1.         1.         1.         1.         1.
 0.96666667 0.96666667 0.96666667 1.         0.96774194 1.
 1.         1.         1.         1.         1.         0.96666667
 0.9        1.         1.         0.90322581 1.         1.
 1.         1.         1.         1.         0.96666667 1.
 1.         1.         1.         0.96666667 0.96666667 1.
 0.93333333 1.         1.         0.96666667 1.         0.96774194
 1.         0.93333333 1.         0.96666667 1.         1.
 1.         1.         0.96774194 1.         0.96666667 1.
 1.         1.         1.         0.96666667 0.96666667 0.96666667
 0.93548387 0.96774194 1.         0.96666667 1.         1.
 0.96666667 1.         1.         1.         1.         1.
 0.96666667 1.         1.         0.96666667 0.93333333 0.96666667
 1.         1.         1.         0.96774194 1.         0.96666667
 0.93333333 1.         0.96666667 1.         0.96666667 1.
 0.96774194 0.96774194 1.         1.         0.96666667 1.
 0.93333333 1.         1.         1.        ]
Mean accuracy: 0.9838172043010753
Dev: 0.023548325722903277


XGBRF_mix_NM Cross-Validation Results accuracy:
 [0.93548387 0.96774194 1.         1.         1.         1.
 1.         1.         0.96666667 1.         1.         1.
 1.         1.         0.96666667 0.96666667 1.         0.96666667
 0.96666667 1.         1.         0.93548387 1.         0.96666667
 1.         1.         1.         1.         0.96666667 1.
 1.         1.         1.         0.96666667 1.         1.
 0.93333333 1.         1.         0.96666667 1.         1.
 1.         0.93333333 0.96666667 1.         1.         0.96666667
 1.         1.         0.96774194 1.         0.96666667 1.
 1.         1.         1.         1.         1.         0.93333333
 0.96774194 1.         0.96666667 0.96666667 1.         1.
 0.96666667 1.         1.         1.         1.         1.
 1.         0.96666667 1.         0.96666667 0.96666667 0.96666667
 1.         1.         1.         1.         1.         1.
 0.96666667 1.         0.96666667 1.         0.96666667 0.96666667
 1.         0.96774194 1.         0.96666667 0.96666667 1.
 0.96666667 1.         1.         1.        ]
Mean accuracy: 0.9867526881720431
Dev: 0.01927695200788502


XGBRF_smote_NM Cross-Validation Results accuracy:
 [0.93548387 1.         1.         1.         1.         1.
 1.         1.         0.96666667 1.         1.         1.
 1.         1.         0.96666667 1.         1.         0.96666667
 0.96666667 1.         1.         0.93548387 1.         1.
 1.         1.         1.         1.         0.96666667 1.
 1.         1.         1.         0.96666667 1.         1.
 0.96666667 1.         1.         0.96666667 1.         1.
 1.         0.93333333 0.96666667 1.         1.         1.
 1.         1.         0.96774194 1.         0.96666667 1.
 1.         1.         1.         1.         1.         0.96666667
 0.96774194 1.         1.         0.96666667 1.         1.
 0.96666667 1.         1.         1.         1.         1.
 1.         1.         1.         0.96666667 0.96666667 0.96666667
 1.         1.         1.         1.         1.         1.
 0.96666667 1.         0.96666667 1.         0.96666667 1.
 1.         0.96774194 1.         1.         0.96666667 1.
 0.96666667 1.         1.         1.        ]
Mean accuracy: 0.9900752688172044
Dev: 0.017138891114157943


XGBRF_GAN_NM Cross-Validation Results accuracy:
 [0.93548387 1.         1.         1.         1.         0.93333333
 1.         0.96666667 0.96666667 1.         1.         0.93548387
 1.         1.         0.93333333 1.         1.         0.96666667
 0.93333333 0.96666667 1.         0.93548387 1.         0.96666667
 1.         1.         0.96666667 0.93333333 0.96666667 1.
 0.96774194 1.         1.         0.93333333 0.96666667 0.96666667
 0.93333333 1.         1.         0.96666667 1.         1.
 0.96666667 0.93333333 0.96666667 0.93333333 1.         0.96666667
 0.93333333 1.         0.96774194 1.         0.96666667 1.
 1.         0.96666667 1.         1.         1.         0.93333333
 0.93548387 1.         1.         0.93333333 0.96666667 0.96666667
 0.93333333 1.         1.         1.         1.         0.96774194
 0.96666667 1.         1.         0.93333333 0.9        0.96666667
 1.         0.96666667 1.         1.         1.         1.
 0.93333333 0.96666667 0.96666667 0.96666667 0.96666667 0.96666667
 0.96774194 0.90322581 1.         0.96666667 0.96666667 1.
 0.96666667 0.96666667 0.96666667 1.        ]
Mean accuracy: 0.9748279569892475
Dev: 0.026901538930981767


XGBRF_borderline_NM Cross-Validation Results accuracy:
 [0.93548387 0.96774194 1.         1.         1.         1.
 1.         1.         0.96666667 1.         1.         1.
 1.         1.         0.96666667 1.         0.96666667 0.96666667
 0.96666667 1.         1.         0.93548387 1.         1.
 1.         0.96666667 1.         1.         0.96666667 1.
 1.         1.         1.         0.96666667 0.96666667 1.
 0.96666667 1.         1.         0.96666667 1.         1.
 1.         0.9        0.96666667 1.         1.         1.
 1.         1.         0.96774194 1.         0.93333333 1.
 1.         1.         1.         1.         1.         0.96666667
 0.96774194 0.96774194 1.         0.96666667 1.         1.
 0.96666667 1.         1.         1.         1.         1.
 1.         0.96666667 1.         0.96666667 0.96666667 0.96666667
 1.         1.         1.         1.         1.         1.
 0.96666667 1.         0.93333333 1.         0.96666667 1.
 1.         0.96774194 1.         1.         0.96666667 1.
 0.96666667 1.         1.         0.96666667]
Mean accuracy: 0.9867634408602152
Dev: 0.020386878429936438


XGBRF_mix_KM Cross-Validation Results accuracy:
 [0.96774194 0.96774194 0.96666667 0.96666667 1.         0.93333333
 0.96666667 0.96666667 1.         0.96666667 0.96774194 0.96774194
 0.93333333 0.96666667 1.         0.96666667 1.         0.96666667
 1.         0.93333333 0.87096774 1.         0.96666667 1.
 1.         1.         0.93333333 0.96666667 0.96666667 1.
 0.96774194 1.         0.93333333 0.96666667 0.96666667 0.96666667
 0.96666667 0.93333333 0.96666667 0.93333333 0.96774194 1.
 0.9        0.93333333 0.96666667 1.         0.96666667 0.96666667
 1.         0.96666667 0.96774194 0.96774194 0.96666667 1.
 0.96666667 1.         0.93333333 0.9        0.96666667 1.
 0.93548387 0.96774194 0.9        0.93333333 0.96666667 0.93333333
 1.         0.96666667 0.96666667 1.         0.93548387 1.
 0.96666667 0.93333333 1.         1.         0.96666667 0.9
 1.         1.         1.         0.93548387 0.96666667 0.96666667
 0.93333333 1.         0.96666667 1.         1.         0.96666667
 0.96774194 0.93548387 1.         0.96666667 0.9        0.9
 0.96666667 1.         0.96666667 1.        ]
Mean accuracy: 0.9665698924731184
Dev: 0.029768092355154784


XGBRF_smote_KM Cross-Validation Results accuracy:
 [0.96774194 0.93548387 0.93333333 1.         1.         1.
 1.         1.         1.         0.93333333 0.93548387 0.96774194
 0.96666667 0.96666667 1.         1.         1.         0.93333333
 1.         1.         0.96774194 1.         1.         1.
 1.         1.         0.93333333 0.93333333 0.96666667 1.
 0.96774194 1.         0.96666667 0.96666667 1.         0.96666667
 0.93333333 1.         1.         1.         1.         1.
 0.93333333 1.         0.96666667 0.96666667 1.         1.
 0.96666667 0.96666667 0.96774194 0.96774194 1.         1.
 0.96666667 1.         0.96666667 1.         0.86666667 1.
 1.         1.         0.93333333 0.96666667 1.         0.96666667
 0.96666667 0.93333333 1.         1.         1.         1.
 1.         0.93333333 0.96666667 0.96666667 0.96666667 0.96666667
 1.         0.93333333 0.96774194 0.96774194 0.96666667 0.96666667
 1.         1.         0.96666667 1.         1.         0.93333333
 1.         0.93548387 1.         0.96666667 0.96666667 0.96666667
 0.96666667 1.         1.         0.96666667]
Mean accuracy: 0.9771505376344086
Dev: 0.026403214311516734


XGBRF_GAN_KM Cross-Validation Results accuracy:
 [0.96774194 1.         0.96666667 0.96666667 1.         0.93333333
 1.         0.96666667 1.         0.96666667 1.         0.96774194
 1.         0.96666667 1.         1.         0.96666667 0.96666667
 0.96666667 0.9        0.90322581 1.         0.96666667 1.
 0.96666667 1.         0.96666667 1.         1.         0.96666667
 1.         1.         0.96666667 1.         0.96666667 0.96666667
 0.96666667 1.         0.96666667 0.93333333 0.96774194 1.
 0.96666667 0.93333333 1.         1.         1.         1.
 1.         0.96666667 1.         1.         1.         1.
 0.93333333 1.         1.         0.96666667 0.93333333 0.96666667
 0.96774194 0.96774194 0.9        0.96666667 1.         1.
 1.         1.         0.96666667 1.         1.         1.
 0.96666667 0.96666667 1.         1.         0.96666667 0.93333333
 1.         0.93333333 0.96774194 0.96774194 1.         0.9
 0.96666667 1.         0.93333333 1.         1.         1.
 1.         0.96774194 1.         1.         0.93333333 0.96666667
 0.96666667 0.96666667 1.         1.        ]
Mean accuracy: 0.9774516129032258
Dev: 0.026491557827785565


XGBRF_borderline_KM Cross-Validation Results accuracy:
 [0.96774194 0.96774194 0.96666667 1.         0.96666667 1.
 1.         1.         1.         0.93333333 0.96774194 0.96774194
 1.         0.96666667 1.         1.         1.         0.93333333
 0.96666667 1.         0.96774194 1.         0.96666667 1.
 1.         1.         0.93333333 0.96666667 1.         0.96666667
 0.96774194 1.         0.96666667 0.96666667 1.         0.96666667
 0.96666667 0.96666667 1.         1.         1.         1.
 0.93333333 1.         0.93333333 0.96666667 1.         1.
 1.         0.96666667 0.96774194 0.93548387 1.         1.
 0.96666667 1.         0.96666667 1.         0.96666667 1.
 1.         1.         0.93333333 0.93333333 1.         0.96666667
 1.         0.96666667 1.         1.         1.         1.
 1.         0.9        1.         0.96666667 0.96666667 0.96666667
 1.         1.         0.96774194 0.96774194 0.96666667 0.96666667
 1.         1.         0.96666667 1.         1.         0.96666667
 1.         0.93548387 1.         0.96666667 0.96666667 1.
 0.96666667 1.         1.         1.        ]
Mean accuracy: 0.9804731182795701
Dev: 0.02299854967351663


XGBRF_mix_KM_SWAP Cross-Validation Results accuracy:
 [0.96774194 0.96774194 0.96666667 0.96666667 1.         0.93333333
 1.         0.96666667 1.         0.96666667 0.93548387 0.96774194
 1.         0.96666667 1.         1.         1.         0.93333333
 1.         0.93333333 0.90322581 1.         1.         1.
 1.         1.         0.9        0.96666667 1.         0.96666667
 0.96774194 1.         0.96666667 0.9        0.96666667 0.96666667
 0.96666667 1.         0.96666667 1.         0.96774194 1.
 0.93333333 0.96666667 0.96666667 0.93333333 1.         1.
 1.         0.96666667 0.96774194 0.96774194 1.         1.
 0.93333333 0.96666667 0.96666667 0.96666667 0.96666667 1.
 1.         0.96774194 0.93333333 0.96666667 1.         0.96666667
 1.         0.96666667 0.96666667 0.96666667 1.         1.
 1.         0.93333333 1.         0.96666667 0.93333333 0.93333333
 1.         0.96666667 1.         0.96774194 0.93333333 0.9
 1.         1.         0.93333333 1.         1.         0.96666667
 1.         0.93548387 1.         0.96666667 0.96666667 0.96666667
 0.96666667 1.         1.         0.96666667]
Mean accuracy: 0.9731720430107528
Dev: 0.027197446966892646


XGBRF_smote_KM_SWAP Cross-Validation Results accuracy:
 [0.96774194 0.96774194 0.96666667 0.96666667 1.         1.
 1.         1.         1.         0.96666667 0.96774194 0.96774194
 1.         0.96666667 1.         0.93333333 1.         0.93333333
 1.         1.         0.96774194 1.         1.         1.
 1.         0.96666667 0.93333333 0.96666667 1.         0.96666667
 0.93548387 1.         0.96666667 0.96666667 1.         0.96666667
 0.96666667 1.         1.         1.         1.         1.
 0.93333333 1.         0.93333333 1.         1.         1.
 1.         0.96666667 0.93548387 0.96774194 1.         1.
 0.96666667 1.         0.96666667 1.         0.9        1.
 1.         1.         0.93333333 0.96666667 1.         0.96666667
 0.93333333 0.96666667 1.         0.96666667 0.96774194 1.
 1.         0.93333333 1.         0.96666667 0.96666667 0.9
 1.         1.         1.         0.96774194 0.96666667 0.96666667
 0.96666667 1.         0.96666667 1.         1.         0.96666667
 1.         0.93548387 1.         0.96666667 1.         0.96666667
 0.96666667 1.         0.96666667 1.        ]
Mean accuracy: 0.9784838709677421
Dev: 0.02495897663187231


XGBRF_GAN_KM_SWAP Cross-Validation Results accuracy:
 [0.96774194 0.96774194 1.         0.96666667 0.96666667 0.96666667
 1.         1.         1.         0.93333333 0.96774194 0.96774194
 1.         0.96666667 1.         1.         0.96666667 0.96666667
 1.         0.93333333 0.83870968 1.         0.96666667 0.96666667
 1.         1.         0.93333333 0.96666667 1.         1.
 0.96774194 0.96774194 0.96666667 0.96666667 0.96666667 1.
 0.96666667 1.         0.96666667 0.96666667 0.96774194 1.
 0.93333333 0.96666667 0.96666667 1.         1.         1.
 1.         0.96666667 1.         0.96774194 1.         1.
 0.93333333 0.96666667 1.         0.96666667 0.93333333 1.
 1.         0.93548387 0.96666667 0.96666667 1.         0.96666667
 1.         0.9        0.96666667 1.         1.         1.
 0.93333333 0.93333333 1.         1.         0.96666667 0.93333333
 0.96666667 1.         0.93548387 0.93548387 0.96666667 0.9
 0.93333333 1.         0.96666667 1.         1.         1.
 0.96774194 0.96774194 1.         0.96666667 0.96666667 0.96666667
 1.         1.         1.         1.        ]
Mean accuracy: 0.9742258064516129
Dev: 0.028524615986770776


XGBRF_borderline_KM_SWAP Cross-Validation Results accuracy:
 [0.96774194 0.93548387 0.96666667 1.         1.         1.
 1.         1.         1.         0.93333333 0.96774194 0.96774194
 0.96666667 0.96666667 1.         1.         1.         0.93333333
 1.         1.         0.93548387 1.         1.         1.
 1.         1.         0.93333333 0.96666667 1.         0.96666667
 0.96774194 1.         0.93333333 0.96666667 1.         0.96666667
 0.96666667 1.         1.         1.         1.         1.
 0.93333333 1.         0.96666667 0.96666667 0.96666667 1.
 1.         0.96666667 0.96774194 0.96774194 1.         1.
 0.96666667 1.         0.93333333 1.         0.96666667 1.
 1.         1.         0.93333333 0.96666667 0.96666667 0.96666667
 1.         0.96666667 1.         1.         1.         1.
 1.         0.93333333 1.         0.96666667 0.96666667 0.93333333
 1.         1.         1.         0.96774194 0.96666667 0.96666667
 0.96666667 1.         0.96666667 1.         1.         0.96666667
 1.         0.93548387 1.         0.96666667 1.         0.93333333
 0.96666667 1.         1.         1.        ]
Mean accuracy: 0.9801397849462365
Dev: 0.023403568541245874


XGBRF_mix_CC Cross-Validation Results accuracy:
 [0.93548387 1.         1.         1.         1.         0.9
 0.96666667 0.93333333 0.96666667 1.         0.96774194 0.96774194
 1.         1.         0.93333333 1.         1.         0.96666667
 0.9        1.         1.         0.87096774 1.         0.93333333
 1.         1.         1.         1.         0.96666667 1.
 1.         1.         1.         0.96666667 0.96666667 0.93333333
 0.93333333 1.         1.         0.96666667 1.         0.96774194
 0.96666667 0.9        0.96666667 0.93333333 1.         0.96666667
 1.         1.         0.96774194 1.         0.93333333 1.
 1.         0.96666667 1.         1.         0.93333333 0.93333333
 0.93548387 0.96774194 1.         0.96666667 1.         0.9
 0.96666667 1.         1.         1.         0.96774194 0.93548387
 0.96666667 1.         1.         0.96666667 0.93333333 0.96666667
 1.         1.         1.         1.         1.         0.96666667
 0.9        0.96666667 0.96666667 0.96666667 0.96666667 1.
 0.96774194 0.93548387 1.         0.96666667 0.96666667 1.
 0.93333333 1.         0.96666667 0.96666667]
Mean accuracy: 0.9732043010752689
Dev: 0.03089473173648311


XGBRF_smote_CC Cross-Validation Results accuracy:
 [0.93548387 0.96774194 1.         1.         1.         0.96666667
 0.96666667 1.         0.96666667 0.96666667 1.         1.
 0.93333333 1.         0.96666667 1.         1.         0.9
 0.9        1.         1.         0.90322581 1.         0.96666667
 1.         0.96666667 1.         1.         0.96666667 1.
 1.         1.         1.         0.96666667 0.96666667 0.96666667
 0.96666667 0.96666667 1.         0.96666667 1.         1.
 1.         0.93333333 0.93333333 0.93333333 1.         1.
 1.         1.         0.93548387 1.         0.9        1.
 1.         1.         1.         1.         0.93333333 0.96666667
 0.93548387 0.96774194 1.         0.96666667 1.         1.
 0.96666667 1.         1.         0.96666667 0.96774194 1.
 1.         1.         1.         0.96666667 0.93333333 0.9
 1.         1.         1.         1.         1.         0.96666667
 0.93333333 0.96666667 0.93333333 1.         0.93333333 1.
 0.96774194 0.96774194 1.         0.96666667 0.96666667 1.
 0.96666667 1.         0.96666667 1.        ]
Mean accuracy: 0.9771505376344086
Dev: 0.028744240400924725


XGBRF_GAN_CC Cross-Validation Results accuracy:
 [0.96774194 1.         1.         1.         0.96666667 0.93333333
 0.96666667 0.96666667 1.         1.         1.         0.93548387
 1.         1.         0.96666667 0.93333333 1.         0.93333333
 0.9        1.         1.         0.93548387 1.         0.96666667
 1.         0.93333333 1.         0.96666667 1.         0.96666667
 1.         1.         1.         0.96666667 0.93333333 0.96666667
 0.96666667 1.         1.         0.96666667 0.96774194 1.
 1.         0.96666667 0.93333333 0.9        1.         0.96666667
 0.93333333 0.96666667 0.96774194 0.96774194 0.96666667 1.
 1.         0.96666667 0.96666667 0.96666667 0.93333333 0.93333333
 0.96774194 0.96774194 0.96666667 0.93333333 0.96666667 1.
 0.96666667 1.         0.9        1.         1.         0.93548387
 0.96666667 1.         1.         0.96666667 0.93333333 1.
 1.         0.96666667 0.96774194 0.96774194 1.         1.
 0.9        1.         0.96666667 0.96666667 1.         0.96666667
 0.96774194 0.96774194 1.         0.96666667 0.96666667 0.96666667
 0.96666667 0.96666667 0.96666667 1.        ]
Mean accuracy: 0.9725053763440861
Dev: 0.02699128424819935


XGBRF_borderline_CC Cross-Validation Results accuracy:
 [0.93548387 1.         1.         1.         1.         0.96666667
 0.96666667 0.96666667 0.96666667 1.         0.96774194 1.
 1.         1.         0.96666667 1.         1.         0.96666667
 0.9        1.         1.         0.87096774 1.         0.96666667
 1.         1.         1.         1.         0.96666667 1.
 1.         1.         1.         0.96666667 0.96666667 0.96666667
 0.93333333 1.         1.         0.96666667 1.         0.96774194
 1.         0.93333333 0.96666667 0.93333333 1.         1.
 1.         1.         0.96774194 1.         0.96666667 1.
 1.         1.         1.         0.96666667 0.93333333 0.96666667
 0.90322581 0.96774194 1.         0.96666667 1.         1.
 0.96666667 1.         1.         1.         0.96774194 1.
 0.96666667 1.         1.         0.96666667 0.93333333 0.96666667
 1.         1.         1.         1.         1.         0.93333333
 0.93333333 1.         0.96666667 1.         0.96666667 1.
 0.96774194 0.93548387 1.         1.         0.96666667 1.
 0.93333333 1.         1.         1.        ]
Mean accuracy: 0.9801827956989249
Dev: 0.027116930120850622


