LR_mix_NM Cross-Validation Results f1:
 [0.9375     0.96774194 1.         0.96774194 0.96774194 1.
 0.9375     0.96774194 0.93333333 0.96774194 1.         0.96969697
 0.96774194 1.         0.96774194 0.96551724 1.         0.96774194
 0.96774194 0.93333333 1.         0.94117647 0.96774194 0.93333333
 1.         0.93333333 1.         0.96774194 0.96774194 1.
 1.         1.         0.96774194 0.96774194 0.96774194 0.9375
 0.93333333 0.96774194 0.96551724 0.96774194 0.96774194 0.93333333
 1.         0.90322581 0.96774194 0.96774194 1.         0.96551724
 0.96774194 0.96774194 0.96774194 1.         0.9375     0.9375
 1.         0.96774194 1.         0.96551724 1.         0.90322581
 0.90322581 1.         0.96551724 0.96774194 0.9375     1.
 0.96774194 0.90909091 1.         1.         1.         0.96969697
 1.         0.96551724 0.96774194 0.90322581 0.96774194 0.96774194
 1.         1.         1.         1.         1.         0.93333333
 0.96774194 1.         0.90909091 0.96774194 0.96774194 0.96551724
 1.         0.96969697 1.         0.96551724 0.9375     0.9375
 0.96774194 1.         0.96551724 0.96774194]
Mean f1: 0.9690756673586617
Dev: 0.027021466831120264


LR_smote_NM Cross-Validation Results f1:
 [0.9375     1.         0.96551724 0.96774194 0.96774194 1.
 0.96774194 1.         0.93333333 0.96774194 1.         0.9375
 0.96774194 1.         0.96774194 1.         1.         0.96774194
 0.96774194 0.93333333 1.         0.94117647 0.96774194 0.93333333
 1.         0.96774194 1.         0.96774194 0.96774194 0.96551724
 1.         1.         0.96774194 0.96774194 0.96774194 0.96774194
 0.96774194 0.93333333 1.         0.93333333 0.96774194 0.96774194
 1.         0.9375     0.93333333 0.96774194 1.         1.
 1.         0.96774194 0.93333333 1.         0.9375     0.96774194
 1.         0.96774194 1.         1.         1.         0.9375
 0.96774194 1.         0.92857143 0.96774194 0.96774194 1.
 0.96774194 0.90909091 1.         1.         1.         0.96969697
 0.96551724 1.         0.96774194 0.96774194 0.96774194 0.96774194
 1.         1.         1.         1.         1.         0.96774194
 0.96774194 1.         0.9375     0.93333333 0.93333333 1.
 1.         0.96969697 1.         1.         0.9375     0.89655172
 0.96774194 1.         1.         0.96774194]
Mean f1: 0.9734480393785586
Dev: 0.0257284804005376


LR_GAN_NM Cross-Validation Results f1:
 [0.90322581 0.9375     0.96551724 0.96774194 0.93333333 0.93333333
 0.96774194 0.9375     1.         0.96551724 1.         0.9375
 0.93333333 0.93333333 0.96774194 1.         1.         0.9375
 0.85714286 0.90322581 0.92857143 0.94117647 0.93333333 0.9375
 0.96551724 0.9375     0.96774194 0.89655172 0.96551724 0.96774194
 0.92857143 0.90909091 0.93333333 0.96774194 0.82758621 0.93333333
 0.9375     0.96774194 1.         0.92857143 0.96774194 0.96969697
 1.         0.90322581 0.96774194 0.96774194 0.92857143 0.92857143
 0.89655172 0.96774194 1.         0.94117647 0.875      0.96774194
 0.96551724 0.9375     0.89655172 0.92857143 1.         0.83870968
 0.90322581 0.96774194 0.92857143 0.96774194 0.9375     1.
 0.90322581 0.84848485 1.         0.92857143 0.96551724 0.88235294
 0.92857143 1.         0.93333333 0.90909091 0.96774194 0.96774194
 0.96551724 0.89655172 1.         0.9375     0.92857143 0.92857143
 0.93333333 0.96551724 0.90909091 0.9375     0.96551724 0.9375
 1.         0.96969697 1.         0.90322581 0.90322581 0.9375
 0.89655172 0.96551724 0.93333333 0.96774194]
Mean f1: 0.9432553976945214
Dev: 0.037432656568111775


LR_borderline_NM Cross-Validation Results f1:
 [0.9375     1.         1.         0.96774194 0.96774194 1.
 0.96774194 1.         0.93333333 1.         1.         1.
 0.96774194 1.         0.96774194 1.         1.         0.9375
 0.96774194 0.93333333 1.         0.94117647 0.96774194 0.96774194
 1.         0.96774194 1.         1.         0.96774194 1.
 1.         1.         0.96774194 0.96774194 0.96774194 1.
 0.96774194 0.96774194 0.96551724 0.96774194 1.         1.
 1.         0.9375     0.96774194 0.96774194 1.         1.
 1.         0.9375     0.96774194 1.         0.9375     0.96774194
 1.         1.         1.         0.96551724 1.         0.90909091
 0.90909091 1.         1.         0.96774194 1.         1.
 0.96774194 0.90909091 1.         1.         1.         0.96969697
 1.         1.         0.96774194 0.93333333 0.96774194 0.9375
 1.         1.         1.         1.         1.         0.93333333
 0.96774194 1.         0.9375     0.96774194 0.96774194 1.
 1.         0.96969697 1.         1.         0.9375     0.96774194
 0.96774194 1.         0.96551724 0.96774194]
Mean f1: 0.9776998625924231
Dev: 0.025332384804332607


LR_mix_KM Cross-Validation Results f1:
 [1.         0.90322581 0.96774194 0.93333333 0.875      0.93333333
 0.96774194 0.96551724 0.93333333 0.90322581 0.96969697 0.90909091
 1.         0.88888889 0.96774194 0.86666667 0.96551724 0.90322581
 0.96774194 0.9375     0.88235294 0.96551724 0.96774194 0.875
 0.96774194 0.96551724 0.93333333 0.96774194 0.96774194 0.93333333
 0.96969697 0.89655172 0.93333333 1.         0.93333333 0.82758621
 0.96774194 0.93333333 0.96774194 1.         0.9375     0.92857143
 0.96551724 0.93333333 0.9375     1.         0.9375     0.93333333
 0.93333333 0.875      0.86666667 1.         0.93333333 0.84848485
 0.875      1.         0.90322581 0.96774194 0.93333333 0.93333333
 0.89655172 0.93333333 0.96551724 0.93333333 0.88235294 0.96551724
 0.93333333 0.90322581 0.9375     0.96774194 0.875      0.96774194
 0.93333333 0.9375     1.         1.         0.90322581 0.86666667
 0.93333333 0.93333333 0.96774194 0.90322581 0.96551724 0.90322581
 0.88235294 1.         0.93333333 0.93333333 1.         0.89655172
 0.93333333 0.90322581 0.96774194 1.         0.90322581 0.875
 0.85714286 0.96551724 0.96551724 1.        ]
Mean f1: 0.9368109925164662
Dev: 0.04109466639812642


LR_smote_KM Cross-Validation Results f1:
 [0.9375     0.90322581 0.90322581 0.96774194 0.96774194 0.96774194
 0.9375     1.         0.92857143 0.96774194 0.90909091 0.90909091
 0.96551724 1.         0.93333333 0.93333333 1.         0.86666667
 0.96774194 0.90322581 0.91428571 0.96551724 0.93333333 0.96774194
 0.93333333 0.96551724 0.9375     0.89655172 0.93333333 0.96774194
 0.96969697 1.         0.89655172 0.96774194 0.96774194 0.875
 0.85714286 0.96774194 0.96774194 0.96774194 0.9375     0.96551724
 1.         0.96774194 0.875      0.92857143 0.96774194 0.96774194
 0.96551724 0.84848485 0.96774194 1.         0.93333333 0.88235294
 0.90909091 1.         0.9375     0.96774194 0.82758621 0.96551724
 1.         0.96774194 0.96551724 0.96774194 0.88235294 1.
 0.92857143 0.93333333 0.90322581 0.96774194 0.96969697 1.
 0.96774194 0.9375     0.96551724 0.93333333 0.9375     0.90322581
 0.96774194 0.88888889 0.96774194 0.9375     0.93333333 0.90322581
 0.84848485 1.         0.96774194 0.96774194 1.         0.93333333
 0.93333333 0.9375     1.         0.96551724 0.82758621 0.90909091
 0.9375     1.         1.         0.96551724]
Mean f1: 0.9445814973611383
Dev: 0.04107402267446374


LR_GAN_KM Cross-Validation Results f1:
 [0.9375     0.93333333 0.88888889 0.93333333 0.96551724 0.96774194
 0.93333333 0.92857143 0.96774194 0.96774194 0.96969697 0.90322581
 1.         0.96551724 0.96774194 0.86666667 0.96551724 0.86666667
 0.93333333 0.9375     0.94117647 1.         0.93333333 0.875
 1.         0.96551724 0.96551724 0.92857143 0.85714286 0.93333333
 0.90322581 0.89655172 0.93333333 0.96551724 0.96774194 0.9375
 0.93333333 0.93333333 0.89655172 1.         0.9375     0.96551724
 0.96551724 0.93333333 0.90322581 1.         0.96774194 0.90322581
 0.9375     0.82758621 0.96969697 0.96551724 0.96774194 0.88888889
 0.83870968 0.96551724 0.96551724 0.96774194 0.90322581 0.93333333
 0.93333333 0.86666667 0.96551724 0.93333333 0.83870968 0.96551724
 0.96774194 1.         0.9375     0.93333333 0.9375     0.92857143
 0.96774194 0.96774194 0.92857143 0.96774194 0.9375     0.89655172
 0.96551724 0.96774194 1.         0.93333333 0.96551724 0.96774194
 0.9375     1.         0.86666667 0.93333333 0.88888889 0.92857143
 0.93333333 0.89655172 1.         1.         0.90322581 0.93333333
 0.875      0.96551724 0.96551724 1.        ]
Mean f1: 0.9397415124053466
Dev: 0.03977392103739889


LR_borderline_KM Cross-Validation Results f1:
 [1.         0.9375     0.9375     0.93333333 0.90909091 0.96774194
 0.96774194 0.96774194 1.         0.90909091 0.91428571 0.90909091
 1.         1.         0.93333333 0.9375     0.96774194 0.96774194
 0.96774194 0.9375     0.91428571 1.         0.9375     0.96774194
 0.9375     1.         0.96774194 0.96774194 0.9375     0.96774194
 0.94117647 0.96774194 0.96774194 0.96774194 0.96774194 0.9375
 1.         0.96774194 0.93333333 0.96774194 0.96969697 1.
 0.96774194 0.96774194 0.90909091 1.         0.9375     0.96774194
 1.         0.88235294 1.         1.         0.96774194 0.85714286
 0.90909091 1.         0.96774194 0.96774194 0.9375     0.96774194
 1.         0.9375     1.         1.         0.88235294 1.
 0.96774194 0.9375     0.9375     0.93333333 0.96969697 0.96774194
 0.96774194 0.90909091 0.96774194 0.93333333 0.9375     0.96774194
 0.96774194 0.96774194 1.         0.96774194 1.         0.9375
 0.85714286 0.96774194 0.96774194 0.96774194 0.96551724 0.96774194
 0.96969697 0.96774194 0.96774194 0.96774194 0.9375     0.90909091
 0.90909091 1.         1.         1.        ]
Mean f1: 0.9583693513404958
Dev: 0.03281233482904627


LR_mix_KM_SWAP Cross-Validation Results f1:
 [0.9375     0.86666667 0.89655172 0.93333333 0.96774194 0.93333333
 0.93333333 0.96551724 0.92857143 0.9375     0.83870968 0.90909091
 0.92857143 0.96551724 0.93333333 0.89655172 0.96551724 0.90322581
 0.89655172 0.9375     0.88235294 0.92857143 0.93333333 0.96774194
 0.93333333 1.         0.85714286 0.93333333 0.89655172 0.86666667
 0.90322581 0.89655172 0.85714286 0.96774194 0.85714286 0.90322581
 0.96774194 0.96774194 0.96774194 0.93333333 0.9375     1.
 0.96774194 0.89655172 0.83870968 0.84615385 0.9375     0.96774194
 0.93333333 0.90322581 0.93333333 1.         0.93333333 0.84848485
 0.875      1.         0.9375     0.96774194 0.82758621 0.96774194
 1.         0.93333333 0.96551724 0.96774194 0.88235294 0.96551724
 0.81481481 0.9375     0.90322581 0.89655172 0.90909091 0.92857143
 0.96774194 0.86666667 0.96551724 1.         0.90322581 0.90322581
 0.93333333 0.85714286 0.93333333 0.83870968 0.92857143 0.9375
 0.875      0.92857143 0.96774194 0.93333333 1.         0.93333333
 0.96774194 0.90322581 0.96551724 0.88888889 0.9375     0.90909091
 0.78787879 1.         0.96551724 0.92857143]
Mean f1: 0.9244551334529332
Dev: 0.0458163461676683


LR_smote_KM_SWAP Cross-Validation Results f1:
 [0.93333333 0.9375     0.9375     0.93333333 0.9375     0.96774194
 0.96774194 0.96774194 0.96551724 0.93333333 0.94117647 0.9375
 1.         1.         0.96774194 0.82758621 0.96774194 0.90322581
 1.         0.9375     0.88235294 0.96551724 0.96774194 0.96774194
 0.93333333 0.96551724 1.         0.96774194 0.9375     0.96774194
 0.875      1.         0.93333333 0.96774194 0.96774194 0.9375
 0.96774194 0.96774194 0.93333333 1.         0.9375     1.
 1.         0.96774194 0.83870968 1.         0.93333333 0.96774194
 1.         0.90909091 0.96774194 1.         0.93333333 0.85714286
 0.90909091 1.         0.93333333 0.96774194 0.89655172 1.
 1.         0.9375     0.92857143 1.         0.88235294 1.
 0.92857143 0.9375     0.9375     0.92857143 0.9375     1.
 0.96774194 0.90909091 0.96774194 1.         0.9375     0.89655172
 0.96774194 1.         1.         0.96774194 0.96551724 0.93333333
 0.84848485 0.96774194 0.96774194 0.96774194 1.         0.93333333
 0.96969697 0.96774194 0.96551724 0.96551724 0.9375     0.90909091
 0.9375     1.         0.96551724 1.        ]
Mean f1: 0.9532224583280576
Dev: 0.03859149279440297


LR_GAN_KM_SWAP Cross-Validation Results f1:
 [0.88235294 1.         0.93333333 0.93333333 0.96551724 0.96774194
 0.96774194 0.88888889 0.89655172 0.93333333 0.96969697 0.96774194
 1.         1.         0.93333333 0.93333333 0.88888889 0.82758621
 0.96551724 0.86666667 0.83870968 0.92857143 0.96774194 0.90909091
 0.96551724 0.96551724 0.93333333 0.96551724 0.93333333 0.93333333
 0.96969697 0.93333333 0.92857143 0.96551724 0.96774194 0.90322581
 0.96774194 0.9375     0.93333333 0.88888889 0.90322581 0.96551724
 0.92857143 0.85714286 0.96774194 1.         0.96551724 0.90322581
 0.93333333 0.88235294 0.90322581 1.         0.96774194 1.
 0.90322581 0.89655172 0.96551724 0.96774194 0.82758621 0.89655172
 0.93333333 0.86666667 0.92857143 0.93333333 0.875      1.
 0.96774194 0.89655172 0.90322581 0.96774194 0.96969697 0.96551724
 0.93333333 0.96774194 1.         0.92857143 0.85714286 0.86666667
 0.96551724 0.96774194 0.96774194 0.86666667 1.         0.96774194
 0.875      1.         0.90322581 0.96774194 0.96551724 0.88888889
 0.93333333 0.89655172 0.96551724 0.92857143 0.9375     0.96774194
 0.78787879 1.         0.96551724 1.        ]
Mean f1: 0.9357177863594961
Dev: 0.04549685876341285


LR_borderline_KM_SWAP Cross-Validation Results f1:
 [1.         0.9375     0.9375     0.96774194 0.90909091 0.96774194
 0.9375     0.96774194 1.         0.9375     0.91428571 0.9375
 1.         1.         0.96774194 0.9375     0.96774194 0.93333333
 0.96774194 0.9375     0.91428571 1.         0.96774194 0.96774194
 0.9375     1.         0.96774194 0.9375     0.9375     0.96774194
 0.94117647 0.96774194 0.96774194 0.96774194 0.96774194 0.90909091
 1.         0.96774194 0.96774194 0.96774194 0.96969697 1.
 0.96551724 0.96774194 0.90909091 1.         0.9375     0.96774194
 1.         0.88235294 1.         1.         0.96774194 0.85714286
 0.90909091 1.         1.         0.96774194 0.9375     0.96774194
 1.         0.9375     1.         0.96774194 0.88235294 0.96774194
 0.96774194 0.9375     0.9375     0.89655172 0.96969697 0.96774194
 0.96774194 0.90909091 0.93333333 0.96774194 0.9375     0.96774194
 0.96774194 0.96774194 1.         0.96774194 0.96774194 0.9375
 0.85714286 0.96774194 0.96774194 0.96774194 0.96551724 0.96774194
 0.96969697 0.96774194 0.96774194 0.96774194 0.9375     0.88235294
 0.90909091 1.         1.         0.96551724]
Mean f1: 0.9573917633490852
Dev: 0.03261621428626404


LR_mix_CC Cross-Validation Results f1:
 [0.96774194 0.94117647 1.         0.85714286 0.89655172 0.90322581
 0.90909091 0.93333333 0.96551724 1.         0.92857143 0.94117647
 0.9375     1.         0.85714286 1.         0.96551724 0.9375
 0.90322581 0.90909091 0.96774194 0.93333333 0.96774194 0.9375
 0.96774194 0.9375     0.93333333 0.88888889 0.9375     0.96551724
 0.96551724 1.         0.96774194 0.89655172 0.875      0.89655172
 0.90909091 0.90322581 1.         1.         0.96551724 1.
 0.90322581 0.89655172 0.93333333 0.9375     0.9375     0.96774194
 0.89655172 0.96774194 0.96551724 1.         0.90322581 0.86666667
 0.96551724 0.9375     0.9375     1.         1.         0.875
 0.9375     0.96774194 0.96774194 0.96774194 0.86666667 0.84615385
 0.96774194 0.90909091 0.96774194 0.96551724 0.88888889 0.90909091
 0.96551724 0.96774194 0.9375     0.96774194 1.         0.96774194
 0.92857143 0.9375     1.         0.90909091 1.         0.93333333
 0.89655172 0.875      0.9375     0.90909091 0.92857143 0.96774194
 0.96551724 0.90322581 0.96551724 0.9375     0.96774194 0.96774194
 0.96774194 0.88888889 0.90909091 0.9375    ]
Mean f1: 0.9406185233962748
Dev: 0.03921049284897069


LR_smote_CC Cross-Validation Results f1:
 [0.96774194 0.96774194 1.         0.96774194 0.96774194 0.9375
 0.875      0.96774194 1.         0.96551724 0.96551724 0.91428571
 0.89655172 1.         0.96774194 1.         1.         0.90322581
 1.         0.9375     0.96774194 0.96969697 0.96774194 0.9375
 0.96774194 0.875      1.         0.93333333 0.93333333 1.
 1.         1.         0.96774194 0.96774194 0.96551724 0.90322581
 0.90909091 0.93333333 0.96774194 1.         0.96774194 1.
 0.96774194 1.         0.93333333 0.90322581 0.93333333 0.9375
 0.96774194 0.96774194 0.96551724 1.         0.86666667 0.9375
 1.         0.9375     0.96774194 1.         0.96774194 0.90909091
 0.9375     0.96774194 1.         1.         0.9375     1.
 0.93333333 0.90909091 0.96774194 0.96551724 1.         0.94117647
 1.         0.96774194 0.93333333 0.875      0.96774194 0.93333333
 1.         0.96774194 1.         0.96969697 1.         0.96774194
 0.96774194 0.93333333 0.875      0.90909091 0.96551724 0.96774194
 1.         0.96774194 0.96551724 0.93333333 0.90909091 0.9375
 1.         1.         0.875      0.96774194]
Mean f1: 0.9581443469641877
Dev: 0.036129894971739504


LR_GAN_CC Cross-Validation Results f1:
 [0.92857143 0.90909091 1.         0.96774194 0.89655172 0.84848485
 0.92857143 0.9375     1.         1.         0.96551724 0.90909091
 0.84615385 0.96774194 1.         0.92857143 1.         0.9375
 0.96551724 0.90909091 1.         0.93333333 0.88888889 0.9375
 0.96774194 0.9375     0.93333333 0.92857143 0.9375     0.96774194
 1.         0.96774194 0.93333333 1.         0.90322581 0.9375
 0.93333333 0.93333333 1.         0.92857143 0.92857143 0.96969697
 0.93333333 0.96774194 0.88888889 0.9375     0.89655172 0.96774194
 0.96774194 0.93333333 0.96551724 0.90322581 0.90322581 0.96551724
 1.         0.90322581 0.90322581 0.92857143 0.92857143 0.875
 0.90322581 0.96969697 0.92857143 0.96551724 0.90322581 0.96551724
 0.93333333 0.88235294 0.88888889 1.         0.96551724 0.875
 0.96551724 0.89655172 0.90322581 0.96774194 1.         0.96774194
 1.         0.93333333 0.92857143 0.96969697 0.92857143 0.96774194
 0.96551724 0.90322581 0.89655172 0.90322581 1.         0.9375
 1.         0.9375     0.88888889 0.9375     0.89655172 0.89655172
 1.         0.96551724 0.9375     0.93333333]
Mean f1: 0.9409093198881281
Dev: 0.0379750929328856


LR_borderline_CC Cross-Validation Results f1:
 [0.96774194 0.96969697 1.         0.96774194 0.96774194 0.9375
 0.90909091 0.96774194 0.93333333 0.9375     0.96774194 0.91428571
 0.96774194 1.         0.96774194 1.         0.96551724 0.90909091
 0.9375     0.90909091 0.96774194 0.96969697 0.96774194 0.9375
 0.93333333 0.875      0.96774194 0.96774194 0.96774194 1.
 1.         1.         0.96774194 0.90322581 0.9375     0.9375
 0.90909091 0.9375     0.96774194 0.96774194 0.96774194 0.96774194
 0.96774194 0.9375     0.9375     0.9375     0.96774194 0.9375
 0.96774194 0.96774194 0.96774194 1.         0.90909091 0.9375
 1.         0.83870968 0.9375     1.         0.96774194 0.90909091
 0.90909091 0.96969697 1.         1.         0.90909091 1.
 0.9375     0.875      0.96774194 1.         0.96551724 0.88235294
 0.96551724 0.96774194 0.96774194 0.90909091 0.96774194 0.9375
 1.         0.9375     1.         0.94117647 1.         0.96774194
 0.93333333 0.90909091 0.9375     0.88235294 0.96774194 0.96774194
 1.         0.94117647 1.         0.96774194 0.90909091 0.90322581
 0.96774194 1.         0.875      0.96774194]
Mean f1: 0.953101323323343
Dev: 0.03534549360301673


DT_mix_NM Cross-Validation Results f1:
 [0.96774194 0.96774194 1.         1.         1.         1.
 1.         1.         1.         1.         1.         1.
 1.         1.         1.         0.96551724 1.         1.
 0.96774194 1.         1.         0.96969697 1.         0.96551724
 1.         1.         1.         1.         1.         1.
 1.         1.         1.         0.96774194 1.         1.
 0.96551724 1.         1.         1.         1.         1.
 1.         0.96774194 1.         1.         1.         0.96551724
 1.         1.         1.         1.         1.         1.
 1.         1.         1.         1.         1.         0.93333333
 1.         1.         0.96551724 0.96774194 1.         1.
 1.         1.         1.         1.         1.         1.
 1.         0.96551724 1.         1.         0.96774194 1.
 1.         1.         1.         1.         1.         1.
 1.         1.         0.96774194 1.         1.         0.96551724
 1.         1.         1.         0.96551724 1.         1.
 0.96774194 1.         1.         1.        ]
Mean f1: 0.9933684565341963
Dev: 0.014086415757668449


DT_smote_NM Cross-Validation Results f1:
 [0.96774194 1.         1.         1.         1.         1.
 1.         1.         1.         1.         1.         1.
 1.         1.         1.         1.         1.         1.
 0.96774194 1.         1.         0.96969697 1.         1.
 1.         1.         1.         1.         1.         1.
 1.         1.         1.         0.96774194 1.         1.
 1.         1.         1.         1.         1.         1.
 1.         0.96774194 1.         1.         1.         1.
 1.         1.         1.         1.         1.         1.
 1.         1.         1.         1.         1.         0.96774194
 1.         1.         1.         0.96774194 1.         1.
 1.         1.         1.         1.         1.         1.
 1.         1.         1.         1.         0.96774194 1.
 1.         1.         1.         1.         1.         1.
 1.         1.         0.96774194 1.         1.         1.
 1.         1.         1.         1.         1.         1.
 0.96774194 1.         1.         1.        ]
Mean f1: 0.9967937438905181
Dev: 0.00962055630331637


DT_GAN_NM Cross-Validation Results f1:
 [0.96774194 1.         1.         1.         1.         1.
 1.         1.         1.         1.         1.         1.
 1.         1.         1.         1.         1.         0.92857143
 0.96774194 1.         1.         0.96969697 1.         1.
 1.         1.         1.         1.         1.         1.
 1.         1.         1.         0.96774194 1.         1.
 1.         1.         1.         1.         1.         1.
 1.         0.96774194 1.         1.         1.         1.
 0.96774194 1.         1.         1.         1.         1.
 1.         1.         0.96551724 1.         1.         0.96774194
 0.96774194 1.         1.         0.96774194 1.         1.
 1.         1.         1.         1.         1.         1.
 1.         1.         1.         1.         0.96774194 1.
 1.         1.         1.         1.         1.         1.
 1.         1.         0.96774194 1.         1.         1.
 1.         0.96774194 1.         1.         1.         1.
 0.96774194 1.         1.         1.        ]
Mean f1: 0.9947668886545417
Dev: 0.013022220388432228


DT_borderline_NM Cross-Validation Results f1:
 [0.96774194 1.         1.         1.         1.         1.
 1.         1.         1.         1.         1.         1.
 1.         1.         1.         1.         1.         1.
 0.96774194 1.         1.         0.96969697 1.         1.
 1.         1.         1.         1.         1.         1.
 1.         1.         1.         0.96774194 1.         1.
 1.         1.         1.         1.         1.         1.
 1.         0.96774194 1.         1.         1.         1.
 1.         1.         1.         1.         1.         1.
 1.         1.         1.         1.         1.         0.96774194
 1.         1.         1.         0.96774194 1.         1.
 1.         1.         1.         1.         1.         1.
 1.         1.         1.         1.         0.96774194 1.
 1.         1.         1.         1.         1.         1.
 1.         1.         0.96774194 1.         1.         1.
 1.         1.         1.         1.         1.         1.
 0.96774194 1.         1.         1.        ]
Mean f1: 0.9967937438905181
Dev: 0.00962055630331637


DT_mix_KM Cross-Validation Results f1:
 [0.96969697 0.96551724 0.96774194 1.         1.         0.96774194
 0.96551724 1.         1.         0.96774194 1.         1.
 0.96551724 0.90322581 1.         1.         1.         0.96774194
 0.96551724 0.9375     0.9375     1.         1.         1.
 0.93333333 1.         0.96774194 0.93333333 1.         0.96774194
 0.96969697 0.89655172 0.92857143 0.92857143 0.96774194 0.96774194
 0.96774194 1.         1.         1.         0.96969697 1.
 0.875      1.         1.         1.         0.96551724 0.92857143
 0.92857143 0.96774194 0.96969697 1.         1.         1.
 0.93333333 0.92857143 0.93333333 0.96551724 0.96774194 1.
 0.9375     0.96774194 0.9375     0.89655172 0.96551724 1.
 1.         1.         1.         1.         1.         1.
 1.         0.9375     1.         0.96774194 0.96774194 0.90322581
 1.         0.92857143 0.96774194 0.90322581 1.         0.92857143
 0.93333333 1.         0.96774194 1.         1.         0.96774194
 0.93333333 0.96774194 1.         1.         0.88888889 0.89655172
 1.         1.         0.96774194 1.        ]
Mean f1: 0.9697522682329413
Dev: 0.0332202220812073


DT_smote_KM Cross-Validation Results f1:
 [0.96969697 1.         0.96551724 1.         1.         1.
 1.         1.         1.         1.         0.96774194 1.
 1.         1.         1.         1.         1.         0.9375
 1.         0.96551724 1.         1.         0.92857143 1.
 1.         1.         0.96774194 0.96551724 0.96551724 1.
 1.         1.         1.         1.         1.         1.
 0.93333333 1.         1.         1.         1.         1.
 1.         1.         1.         1.         1.         0.96551724
 0.96551724 0.96774194 1.         1.         1.         1.
 1.         0.96551724 1.         1.         0.96774194 1.
 1.         0.96551724 0.9375     0.96774194 1.         1.
 1.         0.96551724 1.         1.         1.         1.
 1.         0.9375     0.96551724 1.         1.         0.96774194
 1.         0.96551724 1.         0.9375     1.         1.
 0.96551724 1.         1.         1.         1.         0.96551724
 0.96774194 0.9375     1.         1.         0.96551724 1.
 1.         1.         1.         1.        ]
Mean f1: 0.9881053665929918
Dev: 0.019944599918572257


DT_GAN_KM Cross-Validation Results f1:
 [0.96969697 1.         0.96551724 1.         1.         0.96774194
 1.         0.96551724 1.         1.         1.         1.
 1.         1.         1.         1.         1.         0.96774194
 0.96551724 0.9375     0.94117647 1.         0.96551724 1.
 1.         1.         0.96774194 1.         1.         1.
 1.         1.         0.92857143 1.         0.93333333 1.
 0.96774194 0.92857143 1.         1.         0.96969697 1.
 1.         1.         1.         1.         0.96551724 1.
 1.         0.93333333 1.         1.         1.         1.
 1.         0.96551724 1.         0.96774194 0.96774194 1.
 0.89655172 0.96774194 0.9375     0.93333333 1.         1.
 1.         1.         1.         1.         1.         0.96551724
 1.         0.9375     1.         1.         0.96551724 0.9375
 1.         1.         0.96774194 0.96774194 1.         1.
 0.96774194 1.         1.         1.         0.92857143 1.
 1.         0.89655172 1.         1.         0.96774194 1.
 0.92857143 1.         1.         1.        ]
Mean f1: 0.9830725879390083
Dev: 0.02614794643522379


DT_borderline_KM Cross-Validation Results f1:
 [0.96969697 1.         0.96774194 1.         0.96551724 1.
 1.         1.         1.         0.96774194 1.         1.
 1.         0.96774194 1.         1.         1.         0.9375
 0.96551724 1.         1.         1.         0.96551724 1.
 1.         1.         0.96774194 0.96774194 1.         0.96774194
 1.         1.         0.96774194 1.         1.         0.96774194
 0.96774194 0.96551724 1.         1.         1.         1.
 0.96774194 1.         0.96551724 0.96774194 1.         1.
 1.         0.96774194 0.96969697 0.96551724 1.         1.
 1.         1.         0.96774194 1.         0.96774194 1.
 1.         1.         0.9375     0.93333333 1.         1.
 1.         1.         1.         1.         1.         1.
 1.         0.90322581 1.         0.96774194 0.96774194 0.96774194
 1.         1.         0.96774194 0.96774194 1.         1.
 1.         1.         0.96774194 1.         1.         0.96774194
 1.         0.9375     1.         1.         0.96551724 1.
 0.96774194 1.         1.         1.        ]
Mean f1: 0.9863739634947922
Dev: 0.02000358559413533


DT_mix_KM_SWAP Cross-Validation Results f1:
 [0.96969697 1.         0.96774194 1.         0.92857143 0.96774194
 1.         1.         1.         0.96774194 0.93333333 1.
 1.         1.         1.         1.         1.         0.96774194
 0.96551724 0.9375     0.96969697 1.         0.96551724 1.
 1.         1.         0.93333333 0.96774194 1.         0.96774194
 0.96969697 1.         0.96774194 1.         0.96774194 0.96774194
 0.96774194 0.96551724 1.         1.         0.96969697 1.
 1.         1.         0.96551724 0.85714286 1.         1.
 1.         0.96774194 0.96969697 0.92857143 1.         1.
 0.96774194 1.         0.96774194 0.96774194 0.96774194 1.
 1.         0.96774194 0.9375     0.93333333 1.         1.
 1.         1.         1.         1.         1.         1.
 1.         0.90322581 1.         0.96774194 0.93333333 0.9375
 1.         1.         0.96774194 0.96774194 0.96551724 0.96774194
 0.96774194 0.93333333 0.96774194 1.         1.         1.
 1.         0.96774194 1.         1.         0.96551724 1.
 1.         1.         1.         0.96551724]
Mean f1: 0.9796184824167306
Dev: 0.02631084019663868


DT_smote_KM_SWAP Cross-Validation Results f1:
 [0.96969697 0.96551724 1.         0.96551724 1.         1.
 1.         1.         1.         1.         0.96774194 1.
 0.96551724 1.         1.         1.         1.         0.9375
 0.88888889 1.         1.         1.         1.         1.
 1.         0.96551724 0.96774194 1.         1.         1.
 0.96774194 1.         1.         0.92857143 1.         1.
 0.96774194 1.         1.         1.         1.         1.
 1.         1.         0.96551724 1.         1.         1.
 1.         0.96774194 0.96774194 1.         1.         1.
 1.         1.         1.         1.         0.93333333 1.
 1.         1.         0.9375     0.96774194 1.         1.
 0.96551724 0.96551724 1.         1.         0.96774194 1.
 1.         0.9375     1.         1.         1.         0.96774194
 1.         0.96551724 0.96774194 0.96774194 1.         1.
 0.96551724 1.         1.         1.         1.         1.
 1.         0.9375     1.         1.         1.         1.
 1.         1.         0.96551724 0.96551724]
Mean f1: 0.9873634156598564
Dev: 0.021677912397811853


DT_GAN_KM_SWAP Cross-Validation Results f1:
 [0.96969697 1.         0.92857143 1.         1.         0.96774194
 0.96551724 1.         1.         1.         1.         1.
 1.         1.         1.         1.         1.         0.89655172
 0.96551724 0.9375     0.96969697 0.96551724 1.         1.
 0.92857143 1.         0.96774194 1.         1.         1.
 1.         0.96551724 1.         1.         0.93333333 1.
 0.96774194 1.         1.         1.         0.96969697 1.
 1.         1.         1.         0.96551724 1.         1.
 1.         0.96774194 0.93333333 1.         1.         1.
 1.         1.         1.         1.         0.93333333 1.
 1.         0.96551724 1.         0.96774194 1.         1.
 1.         1.         1.         1.         1.         0.96551724
 1.         0.9375     1.         1.         0.96551724 0.9375
 1.         1.         1.         0.96774194 1.         1.
 0.93333333 1.         1.         1.         1.         1.
 0.96774194 0.93333333 1.         1.         0.96774194 1.
 1.         1.         1.         1.        ]
Mean f1: 0.9860802557194381
Dev: 0.023677550429485217


DT_borderline_KM_SWAP Cross-Validation Results f1:
 [0.9375     0.96551724 1.         1.         1.         1.
 1.         1.         0.96551724 0.96774194 1.         1.
 0.96551724 0.96774194 1.         0.96551724 1.         0.9375
 1.         1.         0.96774194 1.         1.         1.
 1.         0.96551724 0.96774194 0.96774194 0.96551724 0.96774194
 0.93333333 1.         0.93333333 1.         1.         0.96774194
 0.93333333 1.         1.         0.96551724 1.         1.
 1.         0.92857143 0.92857143 0.96774194 0.92857143 1.
 1.         0.96774194 0.9375     1.         1.         1.
 0.96551724 1.         0.96551724 1.         0.96774194 1.
 0.93333333 1.         0.9375     0.96774194 0.96551724 0.96551724
 1.         1.         1.         1.         1.         1.
 1.         0.9375     1.         0.96774194 1.         0.93333333
 0.92857143 0.96551724 1.         0.9375     0.96551724 1.
 0.96551724 1.         0.96774194 1.         0.96551724 0.96774194
 1.         0.9375     0.96551724 1.         1.         0.96551724
 0.96774194 1.         0.92857143 1.        ]
Mean f1: 0.9780194594523014
Dev: 0.025016900654843494


DT_mix_CC Cross-Validation Results f1:
 [0.96774194 1.         1.         0.92857143 1.         0.96774194
 0.96774194 0.93333333 1.         0.96774194 0.96551724 0.96969697
 1.         0.96774194 0.96551724 1.         1.         1.
 0.90909091 1.         1.         0.94117647 1.         0.96774194
 1.         0.96551724 1.         1.         0.96774194 1.
 1.         1.         0.96551724 0.9375     1.         1.
 0.96774194 1.         1.         1.         1.         1.
 0.92857143 0.85714286 1.         0.9375     1.         0.96774194
 1.         1.         1.         1.         0.92857143 1.
 1.         0.96774194 1.         1.         0.9375     0.93333333
 0.96774194 0.96969697 1.         0.96774194 0.96774194 0.96551724
 0.96774194 1.         1.         1.         1.         0.9375
 0.84615385 1.         1.         1.         0.96774194 1.
 1.         0.96774194 1.         1.         1.         1.
 1.         0.92857143 0.96774194 0.96551724 1.         1.
 0.96551724 1.         1.         1.         1.         0.92857143
 0.89655172 1.         0.96774194 1.        ]
Mean f1: 0.978270090843964
Dev: 0.03133666816318474


DT_smote_CC Cross-Validation Results f1:
 [0.93333333 1.         1.         1.         1.         1.
 1.         1.         0.92857143 0.96551724 1.         0.96774194
 1.         1.         1.         1.         1.         0.96551724
 0.90909091 1.         1.         0.94117647 0.96551724 1.
 1.         0.96551724 0.96551724 1.         1.         1.
 1.         0.96774194 0.96551724 0.96774194 1.         1.
 1.         0.96551724 1.         1.         1.         0.96774194
 1.         0.96774194 0.96551724 0.9375     1.         1.
 0.96551724 1.         1.         1.         1.         1.
 1.         1.         1.         1.         0.9375     0.96774194
 0.96551724 0.96774194 1.         0.96774194 1.         1.
 1.         1.         1.         0.96551724 1.         1.
 0.96551724 1.         1.         1.         0.9375     0.96551724
 1.         1.         1.         1.         1.         1.
 1.         1.         0.93333333 0.96551724 1.         0.96551724
 1.         0.93333333 0.96551724 0.96551724 1.         1.
 0.96774194 1.         1.         1.        ]
Mean f1: 0.9851480933105369
Dev: 0.02222614604318512


DT_GAN_CC Cross-Validation Results f1:
 [0.93333333 1.         1.         1.         1.         0.96774194
 1.         1.         1.         1.         1.         0.96969697
 0.96551724 1.         1.         1.         1.         0.96774194
 0.90909091 1.         1.         0.9375     1.         0.96774194
 1.         0.96774194 1.         1.         1.         1.
 1.         0.96774194 1.         0.96774194 1.         1.
 0.93333333 1.         1.         0.96551724 1.         1.
 1.         0.96774194 0.96551724 0.9375     1.         0.96774194
 1.         1.         1.         1.         0.96551724 0.96551724
 1.         0.96774194 0.96774194 1.         0.9375     0.9375
 0.96774194 1.         0.96551724 0.96774194 0.93333333 1.
 1.         0.96551724 1.         1.         1.         0.96969697
 0.96551724 1.         1.         1.         0.96774194 0.96551724
 1.         1.         0.96551724 1.         1.         1.
 1.         1.         0.96774194 0.96774194 0.96551724 1.
 1.         0.96969697 1.         1.         1.         1.
 0.96774194 1.         0.96774194 0.96551724]
Mean f1: 0.9840600161795935
Dev: 0.02157033674124612


DT_borderline_CC Cross-Validation Results f1:
 [0.96774194 1.         1.         1.         1.         1.
 0.96774194 0.96551724 0.96551724 1.         0.96551724 0.96774194
 1.         1.         1.         1.         1.         1.
 0.90909091 0.96551724 1.         0.90909091 1.         1.
 0.96551724 1.         1.         1.         1.         1.
 1.         1.         1.         0.96774194 0.96551724 0.96551724
 0.96551724 1.         0.92857143 1.         1.         0.96774194
 1.         0.96774194 1.         0.9375     1.         1.
 1.         0.96551724 1.         1.         1.         0.96551724
 1.         1.         0.96551724 0.96551724 0.9375     0.96774194
 0.96551724 0.96774194 1.         0.96774194 1.         1.
 0.96551724 1.         1.         1.         1.         1.
 0.92857143 1.         0.96551724 1.         0.93333333 1.
 1.         1.         1.         0.96774194 1.         0.92857143
 0.96774194 0.96551724 0.96774194 1.         1.         1.
 1.         0.96774194 1.         1.         1.         1.
 0.89655172 0.96551724 1.         1.        ]
Mean f1: 0.9830321942610597
Dev: 0.0244426883731058


RF_mix_NM Cross-Validation Results f1:
 [0.96774194 1.         1.         1.         1.         1.
 1.         1.         1.         1.         1.         1.
 1.         1.         1.         1.         1.         1.
 0.96774194 1.         1.         0.96969697 1.         1.
 1.         1.         1.         1.         1.         1.
 1.         1.         1.         0.96774194 1.         1.
 1.         1.         1.         1.         1.         1.
 1.         0.96774194 1.         1.         1.         1.
 1.         1.         1.         1.         1.         1.
 1.         1.         1.         1.         1.         0.96774194
 0.96774194 1.         1.         0.96774194 1.         1.
 1.         1.         1.         1.         1.         1.
 1.         0.96551724 1.         1.         0.96774194 1.
 1.         1.         1.         1.         1.         1.
 1.         1.         0.96774194 1.         1.         0.96551724
 1.         1.         1.         0.96551724 0.96774194 1.
 0.96774194 1.         1.         1.        ]
Mean f1: 0.995114099841575
Dev: 0.01163815428906527


RF_smote_NM Cross-Validation Results f1:
 [0.96774194 0.96774194 1.         1.         1.         1.
 1.         1.         1.         1.         1.         0.96774194
 1.         1.         1.         1.         1.         1.
 0.96774194 1.         0.96551724 0.96969697 1.         1.
 1.         1.         1.         1.         1.         1.
 1.         1.         1.         0.93333333 1.         1.
 1.         1.         1.         1.         1.         1.
 1.         0.96774194 0.96551724 1.         1.         1.
 1.         1.         1.         1.         1.         1.
 0.96551724 1.         1.         0.96551724 1.         0.96774194
 1.         1.         1.         0.96774194 1.         1.
 1.         0.96551724 1.         1.         1.         1.
 1.         0.96551724 1.         1.         0.96774194 1.
 1.         1.         1.         1.         1.         0.96551724
 0.96774194 1.         0.96774194 1.         1.         1.
 1.         1.         1.         1.         1.         0.96551724
 0.96774194 1.         1.         1.        ]
Mean f1: 0.9927232952438737
Dev: 0.014500541371115689


RF_GAN_NM Cross-Validation Results f1:
 [0.9375     1.         1.         1.         1.         1.
 1.         0.96774194 0.96551724 0.96551724 1.         1.
 1.         1.         0.96774194 1.         1.         1.
 0.96774194 1.         1.         0.91428571 1.         1.
 1.         0.96774194 1.         1.         1.         0.96551724
 1.         1.         1.         0.96774194 0.96551724 1.
 0.96774194 1.         1.         1.         1.         1.
 0.96551724 0.96774194 0.96774194 0.96774194 1.         1.
 0.93333333 1.         1.         1.         0.96774194 1.
 1.         1.         1.         1.         0.96774194 0.96774194
 1.         0.96969697 1.         0.96774194 1.         1.
 0.96774194 1.         1.         1.         1.         1.
 1.         1.         1.         0.96774194 0.9375     1.
 1.         1.         1.         1.         1.         0.96551724
 0.9375     0.92857143 0.96774194 1.         1.         1.
 0.96774194 1.         1.         1.         0.96774194 1.
 0.96774194 1.         1.         1.        ]
Mean f1: 0.9873858766835687
Dev: 0.02013064147770214


RF_borderline_NM Cross-Validation Results f1:
 [0.96774194 1.         1.         1.         1.         1.
 1.         1.         1.         1.         1.         1.
 1.         1.         1.         1.         1.         1.
 0.96774194 1.         1.         0.96969697 1.         1.
 1.         1.         1.         1.         1.         1.
 1.         1.         1.         0.96774194 1.         1.
 1.         1.         1.         1.         1.         1.
 1.         0.96774194 0.96774194 1.         1.         1.
 1.         1.         1.         1.         1.         1.
 1.         1.         1.         1.         1.         0.96774194
 1.         1.         1.         0.96774194 1.         1.
 1.         1.         1.         1.         1.         1.
 1.         1.         1.         1.         0.96774194 1.
 1.         1.         1.         1.         1.         1.
 1.         1.         0.96774194 1.         1.         1.
 1.         1.         1.         1.         1.         1.
 0.96774194 1.         1.         1.        ]
Mean f1: 0.9964711632453569
Dev: 0.010039338635946943


RF_mix_KM Cross-Validation Results f1:
 [0.96969697 0.96551724 0.96774194 0.96551724 0.96551724 0.96551724
 1.         1.         1.         1.         1.         1.
 1.         0.96774194 1.         1.         0.96551724 0.9375
 1.         1.         0.96774194 1.         1.         1.
 1.         0.96551724 0.96774194 0.96774194 1.         0.96774194
 1.         0.96551724 1.         1.         1.         1.
 0.96774194 1.         1.         1.         1.         0.96551724
 0.96774194 1.         1.         1.         1.         1.
 1.         1.         1.         1.         1.         1.
 1.         1.         0.96774194 1.         0.93333333 0.96551724
 1.         1.         0.96551724 0.93333333 1.         1.
 1.         0.96551724 1.         1.         1.         1.
 1.         0.96774194 1.         1.         0.96774194 1.
 1.         1.         0.96774194 0.96774194 0.96551724 1.
 1.         1.         1.         1.         1.         0.96774194
 1.         0.96774194 1.         1.         1.         1.
 0.96774194 1.         1.         1.        ]
Mean f1: 0.9884394150065731
Dev: 0.017682406884174738


RF_smote_KM Cross-Validation Results f1:
 [0.96969697 1.         0.93333333 1.         1.         1.
 1.         0.96774194 1.         1.         0.96774194 1.
 1.         0.96774194 1.         1.         0.9375     0.96774194
 0.96774194 1.         1.         1.         1.         1.
 1.         1.         0.96774194 0.96774194 0.92857143 1.
 0.96969697 1.         1.         0.96774194 1.         1.
 0.93333333 1.         1.         1.         1.         0.9375
 0.96774194 0.96551724 1.         1.         1.         1.
 0.96551724 0.96774194 1.         1.         1.         1.
 1.         0.9375     0.9375     1.         0.93333333 1.
 1.         1.         0.96774194 0.96774194 1.         1.
 1.         0.93333333 1.         1.         0.94117647 1.
 1.         0.9375     0.96551724 1.         0.96774194 0.96774194
 1.         1.         1.         0.96774194 1.         1.
 1.         1.         0.96774194 1.         0.96774194 0.93333333
 1.         0.96774194 1.         1.         0.96551724 1.
 0.96774194 1.         1.         1.        ]
Mean f1: 0.9841247424493106
Dev: 0.022688587898017195


RF_GAN_KM Cross-Validation Results f1:
 [1.         1.         0.93333333 0.96551724 1.         1.
 1.         0.92857143 0.96551724 1.         1.         0.96551724
 1.         0.96551724 1.         1.         1.         0.96774194
 1.         1.         0.96969697 0.96551724 1.         1.
 1.         1.         1.         0.96551724 0.96551724 0.96551724
 1.         1.         0.96551724 0.96551724 0.96551724 0.96774194
 1.         1.         0.96551724 1.         0.96969697 0.96551724
 0.96551724 0.96551724 1.         1.         1.         0.96551724
 1.         0.96551724 1.         1.         1.         0.96551724
 1.         1.         0.96551724 0.96551724 0.96551724 1.
 0.93333333 1.         0.96774194 1.         0.96551724 1.
 1.         1.         1.         1.         1.         0.96551724
 1.         1.         1.         1.         0.96774194 0.96551724
 0.96551724 1.         1.         0.96551724 1.         1.
 1.         1.         0.92857143 1.         1.         0.96774194
 1.         1.         1.         1.         1.         0.96551724
 0.96774194 0.96551724 1.         1.        ]
Mean f1: 0.9850413783472739
Dev: 0.019516832728250517


RF_borderline_KM Cross-Validation Results f1:
 [0.96969697 1.         0.96774194 1.         0.92857143 1.
 1.         1.         1.         1.         1.         1.
 1.         0.96774194 1.         1.         1.         0.9375
 0.96551724 1.         1.         1.         0.96551724 1.
 1.         1.         0.96774194 0.96774194 1.         0.96774194
 1.         1.         1.         1.         1.         0.96774194
 0.96774194 0.96551724 1.         1.         1.         1.
 0.96774194 1.         0.96551724 0.96774194 1.         1.
 1.         0.93333333 0.96969697 0.96551724 1.         1.
 1.         1.         0.96774194 1.         0.96774194 1.
 1.         1.         0.9375     0.93333333 1.         1.
 1.         0.96551724 1.         1.         1.         1.
 0.93333333 0.90322581 1.         0.96774194 0.96774194 0.96774194
 1.         1.         0.96774194 0.96774194 1.         1.
 1.         1.         0.96774194 0.96551724 1.         0.96774194
 1.         0.9375     1.         1.         0.92857143 1.
 0.96774194 1.         1.         1.        ]
Mean f1: 0.9845798006683714
Dev: 0.02253313079582172


RF_mix_KM_SWAP Cross-Validation Results f1:
 [0.9375     1.         0.96774194 1.         1.         1.
 0.96774194 1.         1.         1.         1.         1.
 1.         0.96774194 0.96551724 0.96551724 1.         0.9375
 1.         1.         0.96969697 0.96551724 0.96551724 1.
 1.         1.         0.96774194 0.96774194 1.         0.96774194
 1.         0.96551724 1.         1.         0.96774194 0.96774194
 0.96774194 1.         1.         1.         0.96969697 1.
 0.96774194 1.         0.93333333 0.96551724 1.         1.
 1.         0.96774194 1.         1.         0.96774194 1.
 0.96551724 1.         0.96774194 0.96774194 0.96774194 1.
 1.         0.96774194 0.96774194 0.96774194 1.         1.
 1.         0.96551724 1.         1.         1.         1.
 1.         0.9375     1.         0.96551724 0.93333333 0.96774194
 1.         1.         1.         0.96774194 1.         1.
 0.96774194 0.96551724 1.         1.         1.         0.96774194
 1.         0.96774194 1.         1.         1.         1.
 0.90322581 1.         1.         1.        ]
Mean f1: 0.9843502334243436
Dev: 0.020770633224846912


RF_smote_KM_SWAP Cross-Validation Results f1:
 [0.96969697 1.         0.96774194 0.96551724 1.         1.
 1.         1.         1.         1.         1.         1.
 1.         0.96774194 1.         0.96551724 1.         0.96774194
 1.         1.         1.         1.         1.         1.
 1.         0.96551724 0.96774194 0.96774194 0.96551724 1.
 0.96774194 1.         1.         1.         1.         0.96774194
 0.96774194 1.         1.         1.         1.         1.
 0.96774194 1.         0.96551724 1.         1.         1.
 1.         0.96774194 0.96774194 1.         1.         1.
 1.         1.         0.96774194 1.         0.93333333 1.
 1.         1.         0.96774194 0.96774194 1.         1.
 1.         1.         1.         0.96551724 0.96774194 1.
 1.         0.96774194 1.         1.         0.96774194 0.96774194
 1.         1.         1.         0.96774194 1.         1.
 0.96551724 1.         1.         1.         1.         0.96774194
 1.         0.96774194 1.         1.         1.         1.
 0.96774194 1.         0.96551724 1.        ]
Mean f1: 0.9891749081470995
Dev: 0.016139938613126056


RF_GAN_KM_SWAP Cross-Validation Results f1:
 [0.96969697 0.96774194 0.96774194 1.         0.96551724 0.96774194
 1.         1.         1.         1.         1.         1.
 1.         0.96774194 1.         0.96551724 1.         0.96774194
 1.         0.96774194 0.96969697 1.         1.         1.
 1.         1.         0.96774194 0.93333333 1.         1.
 1.         0.96551724 1.         0.96774194 1.         1.
 0.96774194 1.         1.         1.         1.         0.96551724
 0.96774194 0.92857143 0.96774194 1.         1.         1.
 1.         0.96774194 1.         1.         1.         1.
 0.96774194 0.96551724 0.96774194 1.         0.96774194 1.
 1.         0.93333333 0.96774194 0.96774194 1.         1.
 1.         0.96774194 1.         1.         1.         1.
 1.         0.96774194 1.         1.         0.96774194 0.96774194
 0.96551724 1.         1.         0.96774194 1.         0.96774194
 0.96551724 1.         1.         1.         1.         0.96774194
 0.96774194 0.96774194 1.         1.         1.         0.96774194
 1.         1.         1.         1.        ]
Mean f1: 0.9862228498235173
Dev: 0.0182388728827314


RF_borderline_KM_SWAP Cross-Validation Results f1:
 [0.96969697 0.93333333 0.96774194 1.         1.         1.
 1.         1.         1.         0.96774194 1.         0.96774194
 0.96551724 0.96774194 1.         1.         1.         0.9375
 1.         1.         0.9375     1.         1.         1.
 1.         1.         0.96774194 0.96774194 1.         0.96774194
 1.         1.         0.93333333 0.96774194 1.         0.96774194
 0.96774194 1.         1.         1.         1.         1.
 0.96774194 1.         1.         0.96774194 0.96551724 1.
 1.         0.96774194 0.96969697 1.         1.         1.
 1.         1.         0.93333333 1.         0.96774194 1.
 1.         1.         0.9375     0.96774194 0.96551724 1.
 1.         0.96774194 1.         1.         1.         1.
 1.         0.9375     1.         0.96774194 0.96774194 0.93333333
 1.         1.         1.         0.96774194 1.         0.96774194
 0.96551724 1.         0.96774194 1.         1.         0.96774194
 1.         0.9375     0.96774194 1.         1.         0.93333333
 0.96774194 1.         1.         1.        ]
Mean f1: 0.9838143602319076
Dev: 0.021707776036084862


RF_mix_CC Cross-Validation Results f1:
 [0.96774194 1.         1.         1.         1.         1.
 0.96774194 1.         0.92857143 1.         1.         0.96969697
 1.         1.         0.96551724 1.         1.         1.
 0.9375     1.         1.         0.94117647 1.         1.
 1.         1.         1.         1.         1.         1.
 1.         1.         0.96774194 0.93333333 1.         1.
 0.96551724 1.         1.         1.         1.         1.
 0.96551724 0.96774194 1.         0.96774194 1.         0.96774194
 1.         0.96774194 0.96551724 1.         1.         1.
 1.         0.96774194 1.         1.         0.96774194 0.93333333
 0.96774194 1.         1.         0.96774194 1.         1.
 1.         1.         0.96551724 1.         0.96551724 0.96969697
 0.96551724 1.         1.         1.         0.9375     1.
 1.         1.         1.         1.         1.         1.
 1.         1.         0.96774194 0.96774194 1.         1.
 0.96774194 1.         0.96551724 1.         1.         1.
 0.96774194 1.         1.         1.        ]
Mean f1: 0.9879107546851281
Dev: 0.019392376185525317


RF_smote_CC Cross-Validation Results f1:
 [0.96774194 1.         1.         1.         1.         1.
 0.93333333 1.         1.         0.96551724 1.         1.
 0.96551724 1.         1.         1.         1.         1.
 0.9375     1.         1.         0.96969697 0.96551724 1.
 1.         0.93333333 1.         1.         1.         1.
 1.         1.         1.         0.96774194 1.         1.
 1.         0.96551724 1.         1.         1.         1.
 1.         0.96774194 0.96551724 0.96774194 1.         1.
 1.         1.         1.         1.         0.96551724 1.
 1.         1.         1.         1.         0.96774194 0.96774194
 0.96774194 0.96969697 1.         0.96774194 1.         1.
 1.         1.         1.         0.96551724 1.         1.
 1.         1.         1.         1.         0.9375     0.96551724
 1.         1.         1.         1.         1.         1.
 0.96774194 1.         0.93333333 0.96774194 1.         1.
 0.96774194 1.         1.         0.96551724 1.         1.
 0.96774194 1.         1.         1.        ]
Mean f1: 0.989169523376142
Dev: 0.01855828567761254


RF_GAN_CC Cross-Validation Results f1:
 [0.93333333 1.         1.         1.         0.96551724 0.96551724
 0.96551724 1.         1.         1.         1.         1.
 0.92857143 1.         1.         0.92857143 1.         1.
 0.9375     1.         1.         0.9375     1.         1.
 1.         0.96551724 1.         1.         1.         0.96551724
 1.         1.         1.         0.96774194 1.         1.
 0.96551724 1.         1.         0.92857143 0.96551724 1.
 1.         0.96774194 1.         0.96551724 1.         1.
 1.         0.96551724 1.         0.93333333 1.         0.96551724
 1.         1.         1.         0.96551724 0.96774194 0.96774194
 1.         1.         1.         0.96774194 1.         1.
 1.         1.         0.88888889 1.         0.96551724 0.96969697
 1.         1.         1.         1.         0.9375     1.
 1.         0.96551724 0.88888889 1.         0.96551724 1.
 1.         1.         1.         0.96551724 1.         1.
 1.         1.         0.96551724 1.         0.93333333 0.96551724
 0.96774194 1.         1.         0.96551724]
Mean f1: 0.9833145099091984
Dev: 0.025646416399013102


RF_borderline_CC Cross-Validation Results f1:
 [0.93333333 1.         1.         1.         1.         0.96774194
 0.96774194 0.96551724 1.         1.         0.96551724 1.
 1.         1.         1.         1.         1.         1.
 0.90909091 1.         1.         0.90909091 1.         0.96774194
 1.         1.         1.         1.         1.         1.
 1.         1.         1.         0.96774194 0.96774194 0.93333333
 0.96551724 1.         1.         1.         1.         0.96774194
 1.         0.96774194 1.         0.9375     1.         1.
 1.         1.         1.         1.         1.         1.
 1.         1.         1.         0.96551724 0.9375     0.96774194
 0.93333333 0.96969697 1.         0.96774194 1.         1.
 1.         1.         1.         1.         0.96774194 1.
 0.92857143 1.         1.         1.         0.9375     1.
 1.         1.         1.         1.         1.         0.93333333
 0.96774194 1.         0.96774194 1.         1.         1.
 0.96774194 0.96969697 1.         1.         1.         1.
 0.93333333 0.96551724 1.         1.        ]
Mean f1: 0.9857354522100075
Dev: 0.023776802189716124


XGB_mix_NM Cross-Validation Results f1:
 [0.9375     0.96774194 1.         1.         1.         1.
 1.         1.         0.96774194 1.         1.         1.
 1.         1.         0.96774194 0.96551724 1.         0.96774194
 0.96774194 1.         1.         0.94117647 1.         0.96551724
 1.         1.         1.         1.         0.96774194 1.
 1.         1.         1.         0.93333333 1.         1.
 0.93333333 1.         1.         0.96774194 1.         1.
 1.         0.9375     0.96774194 1.         1.         0.96551724
 1.         1.         0.96774194 1.         0.96774194 1.
 1.         1.         1.         1.         1.         0.93333333
 0.96774194 1.         0.96551724 0.96774194 1.         1.
 0.96774194 1.         1.         1.         1.         1.
 1.         0.96551724 1.         0.96774194 0.96774194 0.96774194
 1.         1.         1.         1.         1.         1.
 0.96774194 1.         0.96774194 1.         0.96774194 0.96551724
 1.         0.96969697 1.         0.96551724 0.96774194 0.92857143
 0.96774194 1.         1.         1.        ]
Mean f1: 0.9859564620367309
Dev: 0.020268182282236338


XGB_smote_NM Cross-Validation Results f1:
 [0.9375     1.         1.         1.         1.         1.
 1.         1.         0.96774194 1.         1.         0.96774194
 1.         1.         0.96774194 1.         1.         1.
 0.96774194 1.         1.         0.94117647 1.         1.
 1.         1.         1.         1.         0.96774194 1.
 1.         1.         1.         0.96774194 1.         1.
 0.96774194 1.         1.         0.96774194 1.         1.
 1.         0.9375     0.96774194 1.         1.         1.
 1.         1.         0.96774194 1.         0.96774194 1.
 1.         1.         1.         1.         1.         0.96774194
 0.96774194 1.         1.         0.96774194 1.         1.
 0.96774194 1.         1.         1.         1.         1.
 1.         1.         1.         0.96774194 0.96774194 0.96774194
 1.         1.         1.         1.         1.         1.
 0.96774194 1.         0.96774194 1.         0.96774194 1.
 1.         0.96969697 1.         1.         0.96774194 1.
 0.96774194 1.         1.         1.        ]
Mean f1: 0.9904393795641425
Dev: 0.016426757942961334


XGB_GAN_NM Cross-Validation Results f1:
 [0.9375     1.         1.         0.96551724 1.         1.
 0.96774194 0.93333333 1.         1.         1.         0.93333333
 1.         1.         0.96774194 1.         1.         0.96774194
 0.96774194 1.         1.         0.94117647 0.96551724 1.
 0.92857143 1.         1.         1.         0.96551724 0.96551724
 1.         1.         1.         0.93333333 0.96551724 1.
 0.96774194 1.         0.96551724 1.         1.         1.
 0.92857143 0.9375     0.96774194 0.96774194 0.96551724 1.
 0.89655172 1.         0.96551724 1.         0.96774194 1.
 1.         0.96774194 1.         1.         1.         0.93333333
 1.         1.         0.96551724 0.96774194 1.         0.96551724
 0.96774194 1.         1.         0.96551724 1.         0.96774194
 1.         0.96551724 1.         0.9375     0.96774194 0.96774194
 1.         1.         1.         1.         1.         1.
 0.93333333 1.         0.96774194 0.96551724 0.96551724 0.93333333
 0.93333333 1.         1.         0.89655172 0.96774194 1.
 0.96774194 1.         1.         1.        ]
Mean f1: 0.9790611039187644
Dev: 0.02615153156904295


XGB_borderline_NM Cross-Validation Results f1:
 [0.9375     0.96774194 1.         1.         1.         1.
 1.         1.         0.96774194 1.         1.         1.
 1.         1.         0.96774194 1.         0.96551724 0.96774194
 0.9375     1.         1.         0.94117647 1.         1.
 1.         0.96551724 1.         1.         0.96774194 1.
 1.         1.         1.         0.96774194 1.         1.
 0.96774194 1.         1.         0.96774194 1.         1.
 1.         0.90322581 0.96774194 1.         1.         1.
 1.         1.         0.96774194 1.         0.93333333 1.
 1.         1.         1.         1.         1.         0.96774194
 0.96774194 0.96774194 1.         0.96774194 1.         1.
 0.96774194 1.         1.         1.         1.         1.
 1.         0.96551724 1.         0.96774194 0.96774194 0.96774194
 1.         1.         1.         1.         1.         1.
 0.96774194 1.         0.93333333 1.         0.96774194 1.
 1.         0.96969697 1.         1.         0.96774194 1.
 0.96774194 1.         1.         1.        ]
Mean f1: 0.9874264021818658
Dev: 0.020272044884539955


XGB_mix_KM Cross-Validation Results f1:
 [0.96969697 1.         0.96774194 1.         0.96551724 0.96774194
 1.         0.96551724 1.         1.         1.         0.96774194
 1.         0.93333333 1.         0.96551724 0.96551724 0.96774194
 1.         0.96774194 1.         0.96551724 1.         1.
 1.         0.96551724 0.96774194 0.96774194 1.         1.
 1.         0.96551724 1.         1.         0.96774194 0.96774194
 0.96774194 0.96551724 1.         0.96551724 0.96969697 1.
 0.93333333 1.         1.         1.         1.         1.
 0.96551724 0.96774194 1.         1.         0.96551724 1.
 0.96551724 0.96551724 0.96774194 0.96774194 0.96774194 0.96551724
 1.         0.96774194 0.96774194 0.93333333 1.         0.96551724
 1.         0.96551724 1.         1.         1.         1.
 0.92857143 0.9375     1.         1.         0.96774194 0.90322581
 1.         1.         0.96774194 0.96774194 1.         1.
 0.96774194 1.         1.         0.96551724 1.         0.93333333
 0.96774194 0.96774194 1.         1.         0.89655172 0.96551724
 0.96774194 1.         1.         1.        ]
Mean f1: 0.9797595109284487
Dev: 0.023034357095130294


XGB_smote_KM Cross-Validation Results f1:
 [0.96969697 1.         0.96551724 1.         1.         1.
 1.         1.         1.         1.         0.96774194 0.96774194
 1.         1.         1.         1.         1.         0.96774194
 1.         1.         0.96969697 1.         1.         1.
 1.         1.         0.96774194 1.         0.92857143 1.
 1.         1.         1.         0.96774194 1.         1.
 0.93333333 1.         1.         1.         1.         1.
 1.         1.         0.96774194 1.         1.         1.
 0.96551724 0.9375     1.         1.         1.         1.
 0.96774194 1.         1.         1.         0.85714286 1.
 1.         1.         0.96774194 0.96774194 1.         1.
 1.         0.93333333 1.         1.         1.         1.
 1.         0.9375     0.96551724 1.         0.96774194 0.96774194
 1.         1.         1.         0.96774194 1.         0.96774194
 1.         1.         1.         1.         1.         0.93333333
 1.         0.96774194 1.         0.96774194 0.96551724 0.96774194
 1.         1.         1.         1.        ]
Mean f1: 0.987460481583674
Dev: 0.023275351486995798


XGB_GAN_KM Cross-Validation Results f1:
 [0.96969697 1.         0.96551724 1.         1.         1.
 1.         0.92857143 0.96774194 1.         1.         1.
 1.         1.         1.         1.         0.92857143 0.96774194
 0.96551724 0.9375     0.96969697 1.         0.96551724 1.
 1.         1.         0.96774194 1.         1.         0.96551724
 0.96774194 1.         0.96551724 1.         0.96774194 1.
 0.96774194 0.96551724 1.         1.         0.9375     1.
 1.         1.         0.96551724 1.         1.         1.
 1.         0.93333333 1.         1.         1.         1.
 0.96551724 0.96551724 1.         0.96774194 0.93333333 1.
 0.96774194 0.96551724 0.96551724 0.93333333 1.         1.
 1.         1.         1.         1.         0.96969697 0.96551724
 1.         1.         1.         1.         0.96551724 0.9375
 1.         1.         0.96774194 0.96774194 1.         1.
 0.96774194 1.         1.         1.         0.96551724 1.
 0.96774194 0.93333333 1.         1.         1.         0.96551724
 0.93333333 1.         0.96551724 1.        ]
Mean f1: 0.9830657952077587
Dev: 0.022301369596139545


XGB_borderline_KM Cross-Validation Results f1:
 [0.96969697 0.96774194 0.96774194 1.         0.92857143 1.
 1.         1.         1.         0.96774194 1.         0.96774194
 1.         0.96774194 1.         1.         0.96551724 0.96774194
 0.96551724 1.         1.         1.         0.96551724 1.
 1.         0.96551724 0.96774194 0.96774194 1.         1.
 1.         1.         1.         1.         1.         0.96774194
 0.96774194 0.96551724 1.         0.96551724 1.         1.
 0.96774194 1.         0.93333333 1.         1.         1.
 1.         0.93333333 1.         0.96551724 1.         1.
 0.96774194 1.         0.96774194 1.         0.96774194 1.
 1.         1.         0.96774194 0.93333333 1.         0.96774194
 1.         1.         1.         1.         1.         1.
 0.96551724 0.90322581 1.         1.         0.96774194 0.96774194
 1.         1.         0.96774194 0.96774194 0.96774194 1.
 1.         1.         1.         0.96551724 1.         0.96774194
 1.         0.96774194 1.         0.96774194 0.92857143 1.
 0.96774194 1.         1.         1.        ]
Mean f1: 0.98413269192802
Dev: 0.021297863869497512


XGB_mix_KM_SWAP Cross-Validation Results f1:
 [0.96969697 0.96774194 0.96774194 1.         1.         1.
 0.96551724 0.92857143 1.         1.         0.96774194 1.
 1.         0.96774194 0.96551724 1.         0.96551724 0.96774194
 1.         0.96774194 0.94117647 0.96551724 0.96551724 1.
 1.         1.         0.93333333 0.96774194 1.         1.
 1.         1.         0.96551724 0.89655172 0.96551724 0.93333333
 0.96774194 1.         1.         1.         0.96969697 1.
 0.96774194 0.96551724 0.96774194 0.84615385 1.         1.
 1.         0.96774194 1.         0.88888889 1.         0.96551724
 1.         0.96551724 0.96774194 0.96774194 0.96774194 1.
 1.         0.93333333 0.96774194 0.96774194 1.         1.
 1.         1.         1.         0.96551724 1.         1.
 1.         0.90322581 1.         1.         0.93333333 0.9375
 1.         0.96551724 1.         0.96774194 0.96551724 0.93333333
 0.96551724 1.         1.         1.         1.         0.96774194
 1.         0.96774194 0.96551724 1.         0.96774194 0.96774194
 0.93333333 1.         1.         0.96551724]
Mean f1: 0.9765231861141614
Dev: 0.028777412891230036


XGB_smote_KM_SWAP Cross-Validation Results f1:
 [0.96969697 0.93333333 1.         0.96551724 1.         1.
 1.         1.         1.         1.         1.         0.96774194
 1.         1.         1.         0.96551724 1.         0.96774194
 1.         1.         0.96969697 1.         1.         1.
 1.         0.96551724 0.96774194 1.         1.         1.
 0.96774194 1.         1.         0.96774194 1.         1.
 0.96774194 1.         1.         1.         1.         1.
 1.         1.         0.93333333 1.         1.         1.
 1.         0.96774194 0.96774194 1.         1.         1.
 0.96774194 1.         1.         1.         0.93333333 1.
 1.         1.         0.96774194 0.96774194 1.         0.96774194
 0.96551724 0.96774194 1.         0.96551724 0.96774194 1.
 1.         0.9375     1.         1.         1.         0.96774194
 1.         1.         1.         0.96774194 1.         0.96774194
 0.96551724 1.         1.         1.         1.         1.
 1.         0.96774194 1.         1.         1.         0.96774194
 1.         1.         0.96551724 1.        ]
Mean f1: 0.9882261140324268
Dev: 0.018250530907768465


XGB_GAN_KM_SWAP Cross-Validation Results f1:
 [0.96969697 0.96774194 1.         0.96551724 0.96551724 0.96774194
 1.         0.96551724 1.         0.96551724 1.         0.96774194
 1.         1.         1.         0.96551724 0.96551724 0.96774194
 1.         0.96551724 0.875      1.         1.         1.
 1.         1.         0.96774194 0.96551724 1.         1.
 1.         0.96551724 1.         0.96774194 0.96774194 1.
 0.96774194 1.         1.         0.96551724 0.96969697 0.96551724
 0.96551724 1.         0.96774194 1.         1.         1.
 1.         0.96774194 0.96774194 1.         1.         1.
 0.93333333 0.96551724 1.         0.96774194 0.96774194 1.
 1.         0.89655172 1.         0.96774194 1.         1.
 1.         0.93333333 1.         1.         1.         1.
 0.96551724 0.96774194 1.         0.96551724 1.         0.9375
 0.96551724 1.         1.         0.96774194 1.         0.96774194
 0.93333333 1.         1.         1.         1.         0.96551724
 0.96774194 0.96774194 0.96551724 0.96551724 0.96774194 0.96774194
 1.         1.         1.         1.        ]
Mean f1: 0.9811585389490005
Dev: 0.02331244311569504


XGB_borderline_KM_SWAP Cross-Validation Results f1:
 [0.96969697 0.93333333 0.96774194 1.         1.         1.
 1.         1.         1.         1.         1.         0.96774194
 0.96551724 0.96774194 1.         1.         1.         0.96774194
 1.         1.         0.9375     1.         1.         1.
 1.         1.         0.96774194 0.96774194 1.         1.
 0.96969697 1.         0.96551724 0.96774194 1.         0.96774194
 0.96774194 1.         1.         1.         1.         1.
 0.96774194 1.         0.96774194 1.         0.96551724 1.
 1.         0.96774194 1.         1.         1.         1.
 0.96774194 1.         0.93333333 1.         0.96774194 1.
 1.         1.         0.9375     0.96774194 0.96551724 0.96774194
 1.         0.96774194 1.         1.         1.         1.
 1.         0.9375     1.         1.         0.96774194 0.93333333
 1.         1.         1.         0.96774194 0.96774194 0.96774194
 0.96551724 1.         1.         1.         1.         0.96774194
 1.         0.96774194 1.         0.96774194 1.         0.93333333
 0.96774194 1.         1.         1.        ]
Mean f1: 0.9850636186672062
Dev: 0.020244356671833025


XGB_mix_CC Cross-Validation Results f1:
 [0.96774194 0.96969697 1.         1.         1.         0.96774194
 0.96774194 0.96551724 0.96551724 1.         1.         1.
 1.         1.         0.89655172 1.         0.96551724 1.
 0.90909091 1.         1.         0.94117647 1.         0.96774194
 1.         1.         1.         0.96551724 0.96551724 0.96551724
 1.         1.         1.         0.89655172 0.96774194 0.96551724
 0.96774194 1.         1.         1.         1.         1.
 0.96551724 0.93333333 1.         0.96774194 0.96551724 0.96774194
 1.         1.         1.         1.         0.96551724 1.
 1.         0.9375     1.         0.96551724 0.96774194 0.96774194
 0.96774194 0.96969697 1.         0.96774194 0.96774194 0.84615385
 1.         1.         0.96551724 1.         1.         0.9375
 0.96551724 0.96774194 1.         1.         0.9375     1.
 1.         0.96551724 1.         1.         1.         1.
 0.93333333 0.96551724 0.96774194 0.96774194 1.         1.
 0.93333333 1.         0.96551724 1.         1.         1.
 0.89655172 0.96551724 0.9375     1.        ]
Mean f1: 0.9777313440883094
Dev: 0.02925181675760257


XGB_smote_CC Cross-Validation Results f1:
 [0.96774194 1.         1.         1.         1.         1.
 0.92857143 1.         1.         0.96551724 1.         1.
 0.96551724 1.         0.96774194 1.         1.         1.
 0.90909091 1.         1.         0.96969697 1.         1.
 1.         0.96551724 1.         1.         1.         1.
 1.         1.         1.         0.96774194 1.         1.
 0.96774194 0.96551724 1.         1.         1.         1.
 1.         0.96774194 0.93333333 0.96774194 1.         1.
 1.         1.         1.         1.         0.93333333 1.
 1.         0.9375     1.         1.         0.96774194 0.96774194
 1.         1.         1.         0.96774194 1.         1.
 0.96774194 1.         1.         0.96551724 1.         1.
 1.         1.         1.         0.96774194 0.96774194 0.96551724
 1.         1.         1.         1.         1.         1.
 0.96774194 1.         0.93333333 1.         1.         1.
 1.         1.         1.         0.96551724 0.96774194 1.
 0.96774194 1.         1.         1.        ]
Mean f1: 0.9881960902927256
Dev: 0.020377266145615528


XGB_GAN_CC Cross-Validation Results f1:
 [0.93333333 1.         1.         1.         0.96551724 0.93333333
 1.         1.         1.         1.         1.         0.96969697
 0.96551724 1.         1.         0.96551724 1.         1.
 0.90909091 1.         1.         0.9375     1.         0.96774194
 1.         0.96551724 1.         1.         1.         0.96551724
 1.         0.96774194 1.         0.96774194 1.         1.
 0.93333333 1.         1.         0.96551724 1.         1.
 1.         0.96774194 0.96551724 0.96551724 1.         0.96774194
 1.         1.         1.         0.96774194 1.         0.96551724
 1.         0.96774194 1.         0.96551724 0.96774194 0.96774194
 0.96774194 1.         0.96551724 0.96774194 1.         1.
 1.         1.         0.88888889 1.         1.         0.9375
 0.96551724 1.         1.         1.         0.96774194 1.
 1.         1.         0.92857143 1.         1.         1.
 1.         1.         0.96774194 0.96774194 0.96551724 1.
 1.         1.         1.         1.         0.96551724 0.96551724
 0.96774194 1.         0.96774194 0.96551724]
Mean f1: 0.983033950260591
Dev: 0.0233807397522343


XGB_borderline_CC Cross-Validation Results f1:
 [0.93333333 1.         1.         1.         1.         1.
 0.96774194 0.96551724 0.96774194 1.         0.96551724 1.
 1.         1.         1.         1.         1.         0.96774194
 0.90909091 1.         1.         0.90909091 1.         1.
 1.         1.         1.         1.         0.96774194 1.
 1.         1.         1.         0.96774194 0.96774194 1.
 0.93333333 1.         1.         0.96774194 1.         0.96774194
 1.         0.9375     1.         0.96774194 1.         1.
 1.         1.         0.96774194 1.         0.96774194 1.
 1.         1.         1.         0.96551724 0.96774194 0.96774194
 0.93333333 0.96969697 1.         0.96774194 1.         1.
 0.96774194 1.         1.         1.         1.         1.
 0.96551724 1.         1.         0.96774194 0.9375     0.96774194
 1.         1.         1.         0.96774194 1.         0.96551724
 0.9375     1.         0.96774194 1.         0.96774194 1.
 0.96774194 0.96969697 1.         1.         0.96774194 1.
 0.93333333 1.         1.         1.        ]
Mean f1: 0.9842131787845082
Dev: 0.022754725106967688


XGBRF_mix_NM Cross-Validation Results f1:
 [0.9375     0.96774194 1.         1.         1.         1.
 1.         1.         0.96774194 1.         1.         1.
 1.         1.         0.96774194 0.96551724 1.         0.96774194
 0.96774194 1.         1.         0.94117647 1.         0.96551724
 1.         1.         1.         1.         0.96774194 1.
 1.         1.         1.         0.96774194 1.         1.
 0.93333333 1.         1.         0.96774194 1.         1.
 1.         0.9375     0.96774194 1.         1.         0.96551724
 1.         1.         0.96774194 1.         0.96774194 1.
 1.         1.         1.         1.         1.         0.93333333
 0.96774194 1.         0.96551724 0.96774194 1.         1.
 0.96774194 1.         1.         1.         1.         1.
 1.         0.96551724 1.         0.96774194 0.96774194 0.96774194
 1.         1.         1.         1.         1.         1.
 0.96774194 1.         0.96774194 1.         0.96774194 0.96551724
 1.         0.96969697 1.         0.96551724 0.96774194 1.
 0.96774194 1.         1.         1.        ]
Mean f1: 0.987014833772522
Dev: 0.01882409637278936


XGBRF_smote_NM Cross-Validation Results f1:
 [0.9375     1.         1.         1.         1.         1.
 1.         1.         0.96774194 1.         1.         1.
 1.         1.         0.96774194 1.         1.         0.96774194
 0.96774194 1.         1.         0.94117647 1.         1.
 1.         1.         1.         1.         0.96774194 1.
 1.         1.         1.         0.96774194 1.         1.
 0.96774194 1.         1.         0.96774194 1.         1.
 1.         0.9375     0.96774194 1.         1.         1.
 1.         1.         0.96774194 1.         0.96774194 1.
 1.         1.         1.         1.         1.         0.96774194
 0.96774194 1.         1.         0.96774194 1.         1.
 0.96774194 1.         1.         1.         1.         1.
 1.         1.         1.         0.96774194 0.96774194 0.96774194
 1.         1.         1.         1.         1.         1.
 0.96774194 1.         0.96774194 1.         0.96774194 1.
 1.         0.96969697 1.         1.         0.96774194 1.
 0.96774194 1.         1.         1.        ]
Mean f1: 0.9904393795641425
Dev: 0.016426757942961334


XGBRF_GAN_NM Cross-Validation Results f1:
 [0.9375     1.         1.         1.         1.         0.9375
 1.         0.96774194 0.96774194 1.         1.         0.94117647
 1.         1.         0.93333333 1.         1.         0.96774194
 0.9375     0.96774194 1.         0.94117647 1.         0.96774194
 1.         1.         0.96774194 0.9375     0.96774194 1.
 0.96551724 1.         1.         0.93333333 0.96774194 0.96774194
 0.9375     1.         1.         0.96774194 1.         1.
 0.96551724 0.9375     0.96774194 0.9375     1.         0.96774194
 0.9375     1.         0.96774194 1.         0.96774194 1.
 1.         0.96774194 1.         1.         1.         0.9375
 0.9375     1.         1.         0.9375     0.96774194 0.96551724
 0.9375     1.         1.         1.         1.         0.96969697
 0.96551724 1.         1.         0.9375     0.90909091 0.96774194
 1.         0.96774194 1.         1.         1.         1.
 0.9375     0.96551724 0.96774194 0.96774194 0.96774194 0.96774194
 0.96551724 0.91428571 1.         0.96774194 0.96774194 1.
 0.96774194 0.96774194 0.96774194 1.        ]
Mean f1: 0.9758922890725711
Dev: 0.025325561038624062


XGBRF_borderline_NM Cross-Validation Results f1:
 [0.9375     0.96774194 1.         1.         1.         1.
 1.         1.         0.96774194 1.         1.         1.
 1.         1.         0.96774194 1.         0.96551724 0.96774194
 0.96774194 1.         1.         0.94117647 1.         1.
 1.         0.96551724 1.         1.         0.96774194 1.
 1.         1.         1.         0.96774194 0.96551724 1.
 0.96774194 1.         1.         0.96774194 1.         1.
 1.         0.90322581 0.96774194 1.         1.         1.
 1.         1.         0.96774194 1.         0.93333333 1.
 1.         1.         1.         1.         1.         0.96774194
 0.96774194 0.96774194 1.         0.96774194 1.         1.
 0.96774194 1.         1.         1.         1.         1.
 1.         0.96551724 1.         0.96774194 0.96774194 0.96774194
 1.         1.         1.         1.         1.         1.
 0.96774194 1.         0.93333333 1.         0.96774194 1.
 1.         0.96969697 1.         1.         0.96774194 1.
 0.96774194 1.         1.         0.96551724]
Mean f1: 0.9870391663642907
Dev: 0.019904584835298146


XGBRF_mix_KM Cross-Validation Results f1:
 [0.96969697 0.96774194 0.96774194 0.96774194 1.         0.9375
 0.96551724 0.96551724 1.         0.96774194 0.96969697 0.96774194
 0.92857143 0.96774194 1.         0.96551724 1.         0.96774194
 1.         0.9375     0.88235294 1.         0.96774194 1.
 1.         1.         0.9375     0.96774194 0.96551724 1.
 0.96969697 1.         0.92857143 0.96774194 0.96774194 0.96774194
 0.96774194 0.92857143 0.96551724 0.9375     0.96969697 1.
 0.90322581 0.93333333 0.96774194 1.         0.96551724 0.96551724
 1.         0.96774194 0.96774194 0.96774194 0.96551724 1.
 0.96774194 1.         0.93333333 0.90322581 0.96774194 1.
 0.93333333 0.96774194 0.90909091 0.93333333 0.96551724 0.93333333
 1.         0.96774194 0.96774194 1.         0.93333333 1.
 0.96551724 0.9375     1.         1.         0.96774194 0.90322581
 1.         1.         1.         0.93333333 0.96774194 0.96774194
 0.92857143 1.         0.96774194 1.         1.         0.96774194
 0.96774194 0.9375     1.         0.96774194 0.89655172 0.89655172
 0.96774194 1.         0.96551724 1.        ]
Mean f1: 0.9669857936399358
Dev: 0.029246769750037135


XGBRF_smote_KM Cross-Validation Results f1:
 [0.96969697 0.93333333 0.93333333 1.         1.         1.
 1.         1.         1.         0.9375     0.9375     0.96774194
 0.96551724 0.96774194 1.         1.         1.         0.9375
 1.         1.         0.96969697 1.         1.         1.
 1.         1.         0.9375     0.92857143 0.96551724 1.
 0.96969697 1.         0.96774194 0.96774194 1.         0.96774194
 0.93333333 1.         1.         1.         1.         1.
 0.9375     1.         0.96774194 0.96551724 1.         1.
 0.96551724 0.96774194 0.96969697 0.96774194 1.         1.
 0.96774194 1.         0.96774194 1.         0.85714286 1.
 1.         1.         0.9375     0.96774194 1.         0.96774194
 0.96551724 0.93333333 1.         1.         1.         1.
 1.         0.9375     0.96551724 0.96774194 0.96774194 0.96774194
 1.         0.92857143 0.96774194 0.96774194 0.96774194 0.96774194
 1.         1.         0.96774194 1.         1.         0.93333333
 1.         0.9375     1.         0.96774194 0.96551724 0.96774194
 0.96774194 1.         1.         0.96551724]
Mean f1: 0.9774194270690378
Dev: 0.02649815505947035


XGBRF_GAN_KM Cross-Validation Results f1:
 [0.96969697 1.         0.96774194 0.96774194 1.         0.9375
 1.         0.96551724 1.         0.96774194 1.         0.96774194
 1.         0.96774194 1.         1.         0.96551724 0.96774194
 0.96774194 0.90322581 0.91428571 1.         0.96774194 1.
 0.96774194 1.         0.96774194 1.         1.         0.96551724
 1.         1.         0.96551724 1.         0.96774194 0.96774194
 0.96774194 1.         0.96774194 0.9375     0.96969697 1.
 0.96774194 0.9375     1.         1.         1.         1.
 1.         0.96774194 1.         1.         1.         1.
 0.9375     1.         1.         0.96774194 0.93333333 0.96774194
 0.96774194 0.96774194 0.90909091 0.96774194 1.         1.
 1.         1.         0.96774194 1.         1.         1.
 0.96774194 0.96774194 1.         1.         0.96551724 0.9375
 1.         0.9375     0.96774194 0.96774194 1.         0.90909091
 0.96774194 1.         0.93333333 1.         1.         1.
 1.         0.96774194 1.         1.         0.9375     0.96774194
 0.96551724 0.96551724 1.         1.        ]
Mean f1: 0.978273907636672
Dev: 0.025021652569805476


XGBRF_borderline_KM Cross-Validation Results f1:
 [0.96969697 0.96774194 0.96774194 1.         0.96551724 1.
 1.         1.         1.         0.9375     0.96969697 0.96774194
 1.         0.96774194 1.         1.         1.         0.9375
 0.96551724 1.         0.96969697 1.         0.96551724 1.
 1.         1.         0.9375     0.96774194 1.         0.96774194
 0.96969697 1.         0.96774194 0.96774194 1.         0.96774194
 0.96774194 0.96551724 1.         1.         1.         1.
 0.9375     1.         0.93333333 0.96774194 1.         1.
 1.         0.96774194 0.96969697 0.93333333 1.         1.
 0.96774194 1.         0.96774194 1.         0.96774194 1.
 1.         1.         0.9375     0.93333333 1.         0.96774194
 1.         0.96774194 1.         1.         1.         1.
 1.         0.90322581 1.         0.96774194 0.96774194 0.96774194
 1.         1.         0.96774194 0.96774194 0.96774194 0.96774194
 1.         1.         0.96774194 1.         1.         0.96774194
 1.         0.9375     1.         0.96774194 0.96551724 1.
 0.96774194 1.         1.         1.        ]
Mean f1: 0.981010710553814
Dev: 0.02230465294025336


XGBRF_mix_KM_SWAP Cross-Validation Results f1:
 [0.96969697 0.96774194 0.96774194 0.96774194 1.         0.9375
 1.         0.96551724 1.         0.96774194 0.9375     0.96774194
 1.         0.96774194 1.         1.         1.         0.9375
 1.         0.9375     0.91428571 1.         1.         1.
 1.         1.         0.90322581 0.96774194 1.         0.96774194
 0.96969697 1.         0.96551724 0.89655172 0.96774194 0.96774194
 0.96774194 1.         0.96774194 1.         0.96969697 1.
 0.9375     0.96774194 0.96774194 0.93333333 1.         1.
 1.         0.96774194 0.96969697 0.96774194 1.         1.
 0.9375     0.96551724 0.96774194 0.96774194 0.96774194 1.
 1.         0.96774194 0.9375     0.96774194 1.         0.96774194
 1.         0.96774194 0.96774194 0.96551724 1.         1.
 1.         0.9375     1.         0.96774194 0.93333333 0.9375
 1.         0.96551724 1.         0.96774194 0.93333333 0.90909091
 1.         1.         0.9375     1.         1.         0.96774194
 1.         0.9375     1.         0.96774194 0.96774194 0.96774194
 0.96774194 1.         1.         0.96551724]
Mean f1: 0.9740754548102991
Dev: 0.026045651048903114


XGBRF_smote_KM_SWAP Cross-Validation Results f1:
 [0.96969697 0.96774194 0.96774194 0.96551724 1.         1.
 1.         1.         1.         0.96774194 0.96969697 0.96774194
 1.         0.96774194 1.         0.92857143 1.         0.9375
 1.         1.         0.96969697 1.         1.         1.
 1.         0.96551724 0.9375     0.96774194 1.         0.96774194
 0.9375     1.         0.96774194 0.96774194 1.         0.96774194
 0.96774194 1.         1.         1.         1.         1.
 0.9375     1.         0.93333333 1.         1.         1.
 1.         0.96774194 0.9375     0.96774194 1.         1.
 0.96774194 1.         0.96774194 1.         0.89655172 1.
 1.         1.         0.9375     0.96774194 1.         0.96774194
 0.92857143 0.96774194 1.         0.96551724 0.96774194 1.
 1.         0.9375     1.         0.96774194 0.96774194 0.89655172
 1.         1.         1.         0.96774194 0.96774194 0.96774194
 0.96551724 1.         0.96774194 1.         1.         0.96774194
 1.         0.9375     1.         0.96774194 1.         0.96774194
 0.96774194 1.         0.96551724 1.        ]
Mean f1: 0.9788477288377179
Dev: 0.024786444543958584


XGBRF_GAN_KM_SWAP Cross-Validation Results f1:
 [0.96969697 0.96774194 1.         0.96774194 0.96551724 0.96774194
 1.         1.         1.         0.93333333 0.96969697 0.96774194
 1.         0.96774194 1.         1.         0.96551724 0.96774194
 1.         0.9375     0.85714286 1.         0.96774194 0.96774194
 1.         1.         0.9375     0.96551724 1.         1.
 0.96969697 0.96551724 0.96551724 0.96774194 0.96774194 1.
 0.96774194 1.         0.96774194 0.96551724 0.96969697 1.
 0.93333333 0.96774194 0.96774194 1.         1.         1.
 1.         0.96774194 1.         0.96774194 1.         1.
 0.9375     0.96551724 1.         0.96774194 0.93333333 1.
 1.         0.93333333 0.96774194 0.96774194 1.         0.96774194
 1.         0.89655172 0.96774194 1.         1.         1.
 0.93333333 0.9375     1.         1.         0.96551724 0.9375
 0.96551724 1.         0.93333333 0.93333333 0.96774194 0.90909091
 0.93333333 1.         0.96774194 1.         1.         1.
 0.96774194 0.96774194 1.         0.96774194 0.96774194 0.96774194
 1.         1.         1.         1.        ]
Mean f1: 0.9748216940178844
Dev: 0.027308830970013718


XGBRF_borderline_KM_SWAP Cross-Validation Results f1:
 [0.96969697 0.93333333 0.96774194 1.         1.         1.
 1.         1.         1.         0.9375     0.96969697 0.96774194
 0.96551724 0.96774194 1.         1.         1.         0.9375
 1.         1.         0.9375     1.         1.         1.
 1.         1.         0.9375     0.96774194 1.         0.96774194
 0.96969697 1.         0.93333333 0.96774194 1.         0.96774194
 0.96774194 1.         1.         1.         1.         1.
 0.9375     1.         0.96774194 0.96774194 0.96551724 1.
 1.         0.96774194 0.96969697 0.96774194 1.         1.
 0.96774194 1.         0.93333333 1.         0.96774194 1.
 1.         1.         0.9375     0.96774194 0.96551724 0.96774194
 1.         0.96774194 1.         1.         1.         1.
 1.         0.9375     1.         0.96774194 0.96774194 0.93333333
 1.         1.         1.         0.96774194 0.96774194 0.96774194
 0.96551724 1.         0.96774194 1.         1.         0.96774194
 1.         0.9375     1.         0.96774194 1.         0.93333333
 0.96774194 1.         1.         1.        ]
Mean f1: 0.9806881383355244
Dev: 0.02272925651280513


XGBRF_mix_CC Cross-Validation Results f1:
 [0.9375     1.         1.         1.         1.         0.90909091
 0.96774194 0.93333333 0.96774194 1.         0.96551724 0.96969697
 1.         1.         0.93333333 1.         1.         0.96774194
 0.90909091 1.         1.         0.88235294 1.         0.9375
 1.         1.         1.         1.         0.96774194 1.
 1.         1.         1.         0.96774194 0.96774194 0.93333333
 0.9375     1.         1.         0.96774194 1.         0.96774194
 0.96551724 0.90322581 0.96774194 0.9375     1.         0.96774194
 1.         1.         0.96774194 1.         0.93333333 1.
 1.         0.96774194 1.         1.         0.9375     0.93333333
 0.9375     0.96969697 1.         0.96774194 1.         0.88888889
 0.96774194 1.         1.         1.         0.96774194 0.9375
 0.96551724 1.         1.         0.96774194 0.9375     0.96774194
 1.         1.         1.         1.         1.         0.96774194
 0.90322581 0.96551724 0.96774194 0.96774194 0.96774194 1.
 0.96774194 0.94117647 1.         0.96774194 0.96774194 1.
 0.93333333 1.         0.96774194 0.96551724]
Mean f1: 0.973975802651259
Dev: 0.029814984878432458


XGBRF_smote_CC Cross-Validation Results f1:
 [0.9375     0.96774194 1.         1.         1.         0.96774194
 0.96774194 1.         0.96774194 0.96551724 1.         1.
 0.92857143 1.         0.96774194 1.         1.         0.89655172
 0.90909091 1.         1.         0.91428571 1.         0.96774194
 1.         0.96551724 1.         1.         0.96774194 1.
 1.         1.         1.         0.96774194 0.96774194 0.96774194
 0.96774194 0.96551724 1.         0.96774194 1.         1.
 1.         0.9375     0.93333333 0.9375     1.         1.
 1.         1.         0.93333333 1.         0.89655172 1.
 1.         1.         1.         1.         0.9375     0.96774194
 0.9375     0.96969697 1.         0.96774194 1.         1.
 0.96774194 1.         1.         0.96551724 0.96774194 1.
 1.         1.         1.         0.96774194 0.9375     0.89655172
 1.         1.         1.         1.         1.         0.96774194
 0.9375     0.96551724 0.93333333 1.         0.93333333 1.
 0.96774194 0.96969697 1.         0.96551724 0.96774194 1.
 0.96774194 1.         0.96551724 1.        ]
Mean f1: 0.9775803183190558
Dev: 0.02822899287738638


XGBRF_GAN_CC Cross-Validation Results f1:
 [0.96774194 1.         1.         1.         0.96551724 0.9375
 0.96774194 0.96774194 1.         1.         1.         0.94117647
 1.         1.         0.96774194 0.92857143 1.         0.9375
 0.90909091 1.         1.         0.94117647 1.         0.96774194
 1.         0.93333333 1.         0.96774194 1.         0.96551724
 1.         1.         1.         0.96774194 0.9375     0.96774194
 0.96774194 1.         1.         0.96551724 0.96551724 1.
 1.         0.96774194 0.93333333 0.90322581 1.         0.96774194
 0.9375     0.96551724 0.96774194 0.96774194 0.96774194 1.
 1.         0.96774194 0.96774194 0.96551724 0.9375     0.9375
 0.96774194 0.96969697 0.96551724 0.9375     0.96774194 1.
 0.96774194 1.         0.88888889 1.         1.         0.9375
 0.96551724 1.         1.         0.96774194 0.9375     1.
 1.         0.96551724 0.96551724 0.96969697 1.         1.
 0.90909091 1.         0.96774194 0.96774194 1.         0.96774194
 0.96774194 0.96969697 1.         0.96774194 0.96774194 0.96551724
 0.96774194 0.96774194 0.96774194 1.        ]
Mean f1: 0.9731968424323247
Dev: 0.026168283398538338


XGBRF_borderline_CC Cross-Validation Results f1:
 [0.9375     1.         1.         1.         1.         0.96774194
 0.96774194 0.96551724 0.96774194 1.         0.96551724 1.
 1.         1.         0.96774194 1.         1.         0.96774194
 0.90909091 1.         1.         0.88235294 1.         0.96774194
 1.         1.         1.         1.         0.96774194 1.
 1.         1.         1.         0.96774194 0.96774194 0.96774194
 0.93333333 1.         1.         0.96774194 1.         0.96774194
 1.         0.9375     0.96774194 0.9375     1.         1.
 1.         1.         0.96774194 1.         0.96774194 1.
 1.         1.         1.         0.96551724 0.9375     0.96774194
 0.90322581 0.96969697 1.         0.96774194 1.         1.
 0.96774194 1.         1.         1.         0.96774194 1.
 0.96551724 1.         1.         0.96774194 0.9375     0.96774194
 1.         1.         1.         1.         1.         0.93333333
 0.9375     1.         0.96774194 1.         0.96774194 1.
 0.96774194 0.94117647 1.         1.         0.96774194 1.
 0.93333333 1.         1.         1.        ]
Mean f1: 0.9808616044961822
Dev: 0.02583850709087223


