LR_mix_NM Cross-Validation Results precision:
 [0.88235294 1.         1.         0.9375     0.9375     1.
 0.88235294 0.9375     0.93333333 0.9375     1.         0.94117647
 0.9375     1.         0.9375     1.         1.         0.9375
 0.9375     0.93333333 1.         0.88888889 0.9375     0.93333333
 1.         0.93333333 1.         0.9375     0.9375     1.
 1.         1.         0.9375     0.9375     0.9375     0.88235294
 0.93333333 0.9375     1.         0.9375     0.9375     1.
 1.         0.875      0.9375     0.9375     1.         1.
 0.9375     0.9375     0.9375     1.         0.88235294 0.88235294
 1.         0.9375     1.         1.         1.         0.875
 0.875      1.         1.         0.9375     0.88235294 1.
 0.9375     0.83333333 1.         1.         1.         0.94117647
 1.         1.         0.9375     0.875      0.9375     0.9375
 1.         1.         1.         1.         1.         0.93333333
 0.9375     1.         0.83333333 0.9375     0.9375     1.
 1.         0.94117647 1.         1.         0.88235294 0.88235294
 0.9375     1.         1.         0.9375    ]
Mean precision: 0.9547540849673203
Dev: 0.044984679053663


LR_smote_NM Cross-Validation Results precision:
 [0.88235294 1.         1.         0.9375     0.9375     1.
 0.9375     1.         0.93333333 0.9375     1.         0.9375
 0.9375     1.         0.9375     1.         1.         0.9375
 0.9375     0.93333333 1.         0.88888889 0.9375     0.93333333
 1.         0.9375     1.         0.9375     0.9375     1.
 1.         1.         0.9375     0.9375     0.9375     0.9375
 0.9375     0.93333333 1.         0.93333333 0.9375     1.
 1.         0.88235294 0.93333333 0.9375     1.         1.
 1.         0.9375     0.93333333 1.         0.88235294 0.9375
 1.         0.9375     1.         1.         1.         0.88235294
 0.9375     1.         1.         0.9375     0.9375     1.
 0.9375     0.83333333 1.         1.         1.         0.94117647
 1.         1.         0.9375     0.9375     0.9375     0.9375
 1.         1.         1.         1.         1.         0.9375
 0.9375     1.         0.88235294 0.93333333 0.93333333 1.
 1.         0.94117647 1.         1.         0.88235294 0.92857143
 0.9375     1.         1.         0.9375    ]
Mean precision: 0.9603976423902896
Dev: 0.03937955976208793


LR_GAN_NM Cross-Validation Results precision:
 [0.875      0.9375     1.         0.9375     0.93333333 0.93333333
 0.9375     0.88235294 1.         1.         1.         0.9375
 0.93333333 0.93333333 0.9375     1.         1.         0.88235294
 0.92307692 0.875      1.         0.88888889 0.93333333 0.88235294
 1.         0.88235294 0.9375     0.92857143 1.         0.9375
 1.         0.88235294 0.93333333 0.9375     0.85714286 0.93333333
 0.88235294 0.9375     1.         1.         0.9375     0.94117647
 1.         0.875      0.9375     0.9375     1.         1.
 0.92857143 0.9375     1.         0.88888889 0.82352941 0.9375
 1.         0.88235294 0.92857143 1.         1.         0.8125
 0.875      1.         1.         0.9375     0.88235294 1.
 0.875      0.77777778 1.         1.         1.         0.83333333
 1.         1.         0.93333333 0.83333333 0.9375     0.9375
 1.         0.92857143 1.         0.9375     1.         1.
 0.93333333 1.         0.83333333 0.88235294 1.         0.88235294
 1.         0.94117647 1.         0.875      0.875      0.88235294
 0.92857143 1.         0.93333333 0.9375    ]
Mean precision: 0.9397373051784816
Dev: 0.054734774954509485


LR_borderline_NM Cross-Validation Results precision:
 [0.88235294 1.         1.         0.9375     0.9375     1.
 0.9375     1.         0.93333333 1.         1.         1.
 0.9375     1.         0.9375     1.         1.         0.88235294
 0.9375     0.93333333 1.         0.88888889 0.9375     0.9375
 1.         0.9375     1.         1.         0.9375     1.
 1.         1.         0.9375     0.9375     0.9375     1.
 0.9375     0.9375     1.         0.9375     1.         1.
 1.         0.88235294 0.9375     0.9375     1.         1.
 1.         0.88235294 0.9375     1.         0.88235294 0.9375
 1.         1.         1.         1.         1.         0.83333333
 0.83333333 1.         1.         0.9375     1.         1.
 0.9375     0.83333333 1.         1.         1.         0.94117647
 1.         1.         0.9375     0.93333333 0.9375     0.88235294
 1.         1.         1.         1.         1.         0.93333333
 0.9375     1.         0.88235294 0.9375     0.9375     1.
 1.         0.94117647 1.         1.         0.88235294 0.9375
 0.9375     1.         1.         0.9375    ]
Mean precision: 0.9618839869281046
Dev: 0.045056442790936777


LR_mix_KM Cross-Validation Results precision:
 [1.         0.875      0.9375     0.93333333 0.82352941 0.93333333
 0.9375     1.         0.93333333 0.875      0.94117647 0.83333333
 1.         1.         0.9375     0.86666667 1.         0.875
 0.9375     0.88235294 0.83333333 1.         0.9375     0.82352941
 0.9375     1.         0.93333333 0.9375     0.9375     0.93333333
 0.94117647 0.92857143 0.93333333 1.         0.93333333 0.85714286
 0.9375     0.93333333 0.9375     1.         0.9375     1.
 1.         0.93333333 0.88235294 1.         0.88235294 0.93333333
 0.93333333 0.82352941 0.92857143 1.         0.93333333 0.77777778
 0.82352941 1.         0.875      0.9375     0.93333333 0.93333333
 1.         0.93333333 1.         0.93333333 0.78947368 1.
 0.93333333 0.875      0.88235294 0.9375     0.875      0.9375
 0.93333333 0.88235294 1.         1.         0.875      0.86666667
 0.93333333 0.93333333 1.         0.875      1.         0.875
 0.78947368 1.         0.93333333 0.93333333 1.         0.92857143
 1.         0.875      0.9375     1.         0.875      0.82352941
 0.75       1.         1.         1.        ]
Mean precision: 0.9278218032827167
Dev: 0.060536105080443665


LR_smote_KM Cross-Validation Results precision:
 [0.9375     0.875      0.875      0.9375     0.9375     0.9375
 0.88235294 1.         1.         0.9375     0.88235294 0.83333333
 1.         1.         0.93333333 0.93333333 1.         0.86666667
 0.9375     0.875      0.84210526 1.         0.93333333 0.9375
 0.93333333 1.         0.88235294 0.92857143 0.93333333 0.9375
 0.94117647 1.         0.92857143 0.9375     0.9375     0.82352941
 0.92307692 0.9375     0.9375     0.9375     0.9375     1.
 1.         0.9375     0.82352941 1.         0.9375     0.9375
 1.         0.77777778 1.         1.         0.93333333 0.78947368
 0.83333333 1.         0.88235294 0.9375     0.85714286 1.
 1.         0.9375     1.         0.9375     0.78947368 1.
 1.         0.93333333 0.875      0.9375     0.94117647 1.
 0.9375     0.88235294 1.         0.93333333 0.88235294 0.875
 0.9375     1.         1.         0.88235294 0.93333333 0.875
 0.77777778 1.         0.9375     0.9375     1.         0.93333333
 1.         0.88235294 1.         1.         0.85714286 0.83333333
 0.88235294 1.         1.         1.        ]
Mean precision: 0.9332920191693412
Dev: 0.05958308219875328


LR_GAN_KM Cross-Validation Results precision:
 [0.9375     0.93333333 1.         0.93333333 1.         0.9375
 0.93333333 1.         0.9375     0.9375     0.94117647 0.875
 1.         1.         0.9375     0.86666667 1.         0.86666667
 0.93333333 0.88235294 0.88888889 1.         0.93333333 0.82352941
 1.         1.         1.         1.         0.92307692 0.93333333
 0.93333333 0.92857143 0.93333333 1.         0.9375     0.88235294
 0.93333333 0.93333333 0.92857143 1.         0.9375     1.
 1.         0.93333333 0.875      1.         0.9375     0.875
 0.88235294 0.85714286 0.94117647 1.         0.9375     1.
 0.8125     1.         1.         0.9375     0.875      0.93333333
 1.         0.86666667 1.         0.93333333 0.8125     1.
 0.9375     1.         0.88235294 0.93333333 0.9375     1.
 0.9375     0.9375     1.         0.9375     0.88235294 0.92857143
 1.         0.9375     1.         0.93333333 1.         0.9375
 0.88235294 1.         0.86666667 0.93333333 1.         1.
 1.         0.92857143 1.         1.         0.875      0.93333333
 0.82352941 1.         1.         1.        ]
Mean precision: 0.9447775712849242
Dev: 0.05175780652248245


LR_borderline_KM Cross-Validation Results precision:
 [1.         0.88235294 0.88235294 0.93333333 0.83333333 0.9375
 0.9375     0.9375     1.         0.83333333 0.84210526 0.83333333
 1.         1.         0.93333333 0.88235294 0.9375     0.9375
 0.9375     0.88235294 0.84210526 1.         0.88235294 0.9375
 0.88235294 1.         0.9375     0.9375     0.88235294 0.9375
 0.88888889 0.9375     0.9375     0.9375     0.9375     0.88235294
 1.         0.9375     0.93333333 0.9375     0.94117647 1.
 0.9375     0.9375     0.83333333 1.         0.88235294 0.9375
 1.         0.78947368 1.         1.         0.9375     0.75
 0.83333333 1.         0.9375     0.9375     0.88235294 0.9375
 1.         0.88235294 1.         1.         0.78947368 1.
 0.9375     0.88235294 0.88235294 0.93333333 0.94117647 0.9375
 0.9375     0.83333333 0.9375     0.93333333 0.88235294 0.9375
 0.9375     0.9375     1.         0.9375     1.         0.88235294
 0.75       0.9375     0.9375     0.9375     1.         0.9375
 0.94117647 0.9375     0.9375     0.9375     0.88235294 0.83333333
 0.83333333 1.         1.         1.        ]
Mean precision: 0.925515565875473
Dev: 0.058802431576504194


LR_mix_KM_SWAP Cross-Validation Results precision:
 [0.9375     0.86666667 0.92857143 0.93333333 0.9375     0.93333333
 0.93333333 1.         1.         0.88235294 0.86666667 0.83333333
 1.         1.         0.93333333 0.92857143 1.         0.875
 0.92857143 0.88235294 0.83333333 1.         0.93333333 0.9375
 0.93333333 1.         0.92307692 0.93333333 0.92857143 0.86666667
 0.93333333 0.92857143 0.92307692 0.9375     0.92307692 0.875
 0.9375     0.9375     0.9375     0.93333333 0.9375     1.
 0.9375     0.92857143 0.8125     1.         0.88235294 0.9375
 0.93333333 0.875      1.         1.         0.93333333 0.77777778
 0.82352941 1.         0.88235294 0.9375     0.85714286 0.9375
 1.         0.93333333 1.         0.9375     0.78947368 1.
 0.91666667 0.88235294 0.875      0.92857143 0.88235294 1.
 0.9375     0.86666667 1.         1.         0.875      0.875
 0.93333333 0.92307692 1.         0.8125     1.         0.88235294
 0.82352941 1.         0.9375     0.93333333 1.         0.93333333
 1.         0.875      1.         1.         0.88235294 0.83333333
 0.72222222 1.         1.         1.        ]
Mean precision: 0.9274063991993561
Dev: 0.06025111833047943


LR_smote_KM_SWAP Cross-Validation Results precision:
 [1.         0.88235294 0.88235294 0.93333333 0.88235294 0.9375
 0.9375     0.9375     1.         0.93333333 0.88888889 0.88235294
 1.         1.         0.9375     0.85714286 0.9375     0.875
 1.         0.88235294 0.83333333 1.         0.9375     0.9375
 0.93333333 1.         1.         0.9375     0.88235294 0.9375
 0.875      1.         0.93333333 0.9375     0.9375     0.88235294
 0.9375     0.9375     0.93333333 1.         0.9375     1.
 1.         0.9375     0.8125     1.         0.93333333 0.9375
 1.         0.83333333 1.         1.         0.93333333 0.75
 0.83333333 1.         0.93333333 0.9375     0.92857143 1.
 1.         0.88235294 1.         1.         0.78947368 1.
 1.         0.88235294 0.88235294 1.         0.9375     1.
 0.9375     0.83333333 0.9375     1.         0.88235294 0.92857143
 0.9375     1.         1.         0.9375     1.         0.93333333
 0.77777778 0.9375     0.9375     0.9375     1.         0.93333333
 0.94117647 0.9375     1.         1.         0.88235294 0.83333333
 0.88235294 1.         1.         1.        ]
Mean precision: 0.9376969077104524
Dev: 0.058795197551256825


LR_GAN_KM_SWAP Cross-Validation Results precision:
 [0.83333333 1.         0.93333333 0.93333333 1.         0.9375
 0.9375     1.         0.92857143 0.93333333 0.94117647 0.9375
 1.         1.         0.93333333 0.93333333 1.         0.85714286
 1.         0.86666667 0.86666667 1.         0.9375     0.83333333
 1.         1.         0.93333333 1.         0.93333333 0.93333333
 0.94117647 0.93333333 1.         1.         0.9375     0.875
 0.9375     0.88235294 0.93333333 1.         0.93333333 1.
 1.         0.92307692 0.9375     1.         1.         0.875
 0.93333333 0.78947368 0.93333333 1.         0.9375     1.
 0.875      0.92857143 1.         0.9375     0.85714286 0.92857143
 1.         0.86666667 1.         0.93333333 0.82352941 1.
 0.9375     0.92857143 0.875      0.9375     0.94117647 1.
 0.93333333 0.9375     1.         1.         0.92307692 0.86666667
 1.         0.9375     1.         0.86666667 1.         0.9375
 0.82352941 1.         0.875      0.9375     1.         1.
 1.         0.92857143 1.         1.         0.88235294 0.9375
 0.72222222 1.         1.         1.        ]
Mean precision: 0.9432528672737652
Dev: 0.05741960451042716


LR_borderline_KM_SWAP Cross-Validation Results precision:
 [1.         0.88235294 0.88235294 0.9375     0.83333333 0.9375
 0.88235294 0.9375     1.         0.88235294 0.84210526 0.88235294
 1.         1.         0.9375     0.88235294 0.9375     0.93333333
 0.9375     0.88235294 0.84210526 1.         0.9375     0.9375
 0.88235294 1.         0.9375     0.88235294 0.88235294 0.9375
 0.88888889 0.9375     0.9375     0.9375     0.9375     0.83333333
 1.         0.9375     0.9375     0.9375     0.94117647 1.
 1.         0.9375     0.83333333 1.         0.88235294 0.9375
 1.         0.78947368 1.         1.         0.9375     0.75
 0.83333333 1.         1.         0.9375     0.88235294 0.9375
 1.         0.88235294 1.         0.9375     0.78947368 0.9375
 0.9375     0.88235294 0.88235294 0.92857143 0.94117647 0.9375
 0.9375     0.83333333 0.93333333 0.9375     0.88235294 0.9375
 0.9375     0.9375     1.         0.9375     0.9375     0.88235294
 0.75       0.9375     0.9375     0.9375     1.         0.9375
 0.94117647 0.9375     0.9375     0.9375     0.88235294 0.78947368
 0.83333333 1.         1.         1.        ]
Mean precision: 0.9244264091601552
Dev: 0.058775638477195705


LR_mix_CC Cross-Validation Results precision:
 [0.9375     0.88888889 1.         0.92307692 0.92857143 0.875
 0.83333333 0.93333333 1.         1.         1.         0.88888889
 0.88235294 1.         0.92307692 1.         1.         0.88235294
 0.875      0.83333333 0.9375     1.         0.9375     0.88235294
 0.9375     0.88235294 0.93333333 1.         0.88235294 1.
 1.         1.         0.9375     0.92857143 0.82352941 0.92857143
 0.83333333 0.875      1.         1.         1.         1.
 0.875      0.92857143 0.93333333 0.88235294 0.88235294 0.9375
 0.92857143 0.9375     1.         1.         0.875      0.86666667
 1.         0.88235294 0.88235294 1.         1.         0.82352941
 0.88235294 1.         0.9375     0.9375     0.86666667 1.
 0.9375     0.83333333 0.9375     1.         1.         0.88235294
 1.         0.9375     0.88235294 0.9375     1.         0.9375
 1.         0.88235294 1.         0.88235294 1.         0.93333333
 0.92857143 0.82352941 0.88235294 0.83333333 1.         0.9375
 1.         0.93333333 1.         0.88235294 0.9375     0.9375
 0.9375     1.         0.83333333 0.88235294]
Mean precision: 0.933159484306543
Dev: 0.0567427648480745


LR_smote_CC Cross-Validation Results precision:
 [0.9375     1.         1.         0.9375     0.9375     0.88235294
 0.82352941 0.9375     1.         1.         1.         0.84210526
 0.92857143 1.         0.9375     1.         1.         0.875
 1.         0.88235294 0.9375     0.94117647 0.9375     0.88235294
 0.9375     0.82352941 1.         0.93333333 0.93333333 1.
 1.         1.         0.9375     0.9375     1.         0.875
 0.83333333 0.93333333 0.9375     1.         0.9375     1.
 0.9375     1.         0.93333333 0.875      0.93333333 0.88235294
 0.9375     0.9375     1.         1.         0.86666667 0.88235294
 1.         0.88235294 0.9375     1.         0.9375     0.83333333
 0.88235294 1.         1.         1.         0.88235294 1.
 0.93333333 0.83333333 0.9375     1.         1.         0.88888889
 1.         0.9375     0.93333333 0.82352941 0.9375     0.93333333
 1.         0.9375     1.         0.94117647 1.         0.9375
 0.9375     0.93333333 0.82352941 0.83333333 1.         0.9375
 1.         1.         1.         0.93333333 0.83333333 0.88235294
 1.         1.         0.82352941 0.9375    ]
Mean precision: 0.9402990871787312
Dev: 0.05646221404858799


LR_GAN_CC Cross-Validation Results precision:
 [1.         0.88235294 1.         0.9375     0.92857143 0.77777778
 1.         0.88235294 1.         1.         1.         0.88235294
 1.         0.9375     1.         1.         1.         0.88235294
 1.         0.83333333 1.         1.         1.         0.88235294
 0.9375     0.88235294 0.93333333 1.         0.88235294 0.9375
 1.         1.         0.93333333 1.         0.875      0.88235294
 0.93333333 0.93333333 1.         1.         1.         0.94117647
 0.93333333 0.9375     1.         0.88235294 0.92857143 0.9375
 0.9375     0.93333333 1.         0.93333333 0.875      1.
 1.         0.875      0.875      1.         1.         0.82352941
 0.875      0.94117647 1.         1.         0.875      1.
 0.93333333 0.78947368 1.         1.         1.         0.875
 1.         0.92857143 0.875      0.9375     1.         0.9375
 1.         0.93333333 1.         0.94117647 1.         0.9375
 1.         0.875      0.92857143 0.875      1.         0.88235294
 1.         0.9375     1.         0.88235294 0.92857143 0.92857143
 1.         1.         0.88235294 0.93333333]
Mean precision: 0.946031408177306
Dev: 0.05586670110400318


LR_borderline_CC Cross-Validation Results precision:
 [0.9375     0.94117647 1.         0.9375     0.9375     0.88235294
 0.83333333 0.9375     0.93333333 0.88235294 0.9375     0.84210526
 0.9375     1.         0.9375     1.         1.         0.83333333
 0.88235294 0.83333333 0.9375     0.94117647 0.9375     0.88235294
 0.93333333 0.82352941 0.9375     0.9375     0.9375     1.
 1.         1.         0.9375     0.875      0.88235294 0.88235294
 0.83333333 0.88235294 0.9375     0.9375     0.9375     1.
 0.9375     0.88235294 0.88235294 0.88235294 0.9375     0.88235294
 0.9375     0.9375     0.9375     1.         0.83333333 0.88235294
 1.         0.8125     0.88235294 1.         0.9375     0.83333333
 0.83333333 0.94117647 1.         1.         0.83333333 1.
 0.88235294 0.82352941 0.9375     1.         1.         0.83333333
 1.         0.9375     0.9375     0.83333333 0.9375     0.88235294
 1.         0.88235294 1.         0.88888889 1.         0.9375
 0.93333333 0.83333333 0.88235294 0.78947368 0.9375     0.9375
 1.         0.88888889 1.         0.9375     0.83333333 0.875
 0.9375     1.         0.82352941 0.9375    ]
Mean precision: 0.9206597437220503
Dev: 0.058449043760302126


DT_mix_NM Cross-Validation Results precision:
 [0.9375     1.         1.         1.         1.         1.
 1.         1.         1.         1.         1.         1.
 1.         1.         1.         1.         1.         1.
 0.9375     1.         1.         0.94117647 1.         1.
 1.         1.         1.         1.         1.         1.
 1.         1.         1.         0.9375     1.         1.
 1.         1.         1.         1.         1.         1.
 1.         0.9375     1.         1.         1.         1.
 1.         1.         1.         1.         1.         1.
 1.         1.         1.         1.         1.         0.93333333
 1.         1.         1.         0.9375     1.         1.
 1.         1.         1.         1.         1.         1.
 1.         1.         1.         1.         0.9375     1.
 1.         1.         1.         1.         1.         1.
 1.         1.         0.9375     1.         1.         1.
 1.         1.         1.         1.         1.         1.
 0.9375     1.         1.         1.        ]
Mean precision: 0.9937450980392157
Dev: 0.01877292523902411


DT_smote_NM Cross-Validation Results precision:
 [0.9375     1.         1.         1.         1.         1.
 1.         1.         1.         1.         1.         1.
 1.         1.         1.         1.         1.         1.
 0.9375     1.         1.         0.94117647 1.         1.
 1.         1.         1.         1.         1.         1.
 1.         1.         1.         0.9375     1.         1.
 1.         1.         1.         1.         1.         1.
 1.         0.9375     1.         1.         1.         1.
 1.         1.         1.         1.         1.         1.
 1.         1.         1.         1.         1.         0.9375
 1.         1.         1.         0.9375     1.         1.
 1.         1.         1.         1.         1.         1.
 1.         1.         1.         1.         0.9375     1.
 1.         1.         1.         1.         1.         1.
 1.         1.         0.9375     1.         1.         1.
 1.         1.         1.         1.         1.         1.
 0.9375     1.         1.         1.        ]
Mean precision: 0.9937867647058823
Dev: 0.018642968736349325


DT_GAN_NM Cross-Validation Results precision:
 [0.9375     1.         1.         1.         1.         1.
 1.         1.         1.         1.         1.         1.
 1.         1.         1.         1.         1.         1.
 0.9375     1.         1.         0.94117647 1.         1.
 1.         1.         1.         1.         1.         1.
 1.         1.         1.         0.9375     1.         1.
 1.         1.         1.         1.         1.         1.
 1.         0.9375     1.         1.         1.         1.
 0.9375     1.         1.         1.         1.         1.
 1.         1.         1.         1.         1.         0.9375
 0.9375     1.         1.         0.9375     1.         1.
 1.         1.         1.         1.         1.         1.
 1.         1.         1.         1.         0.9375     1.
 1.         1.         1.         1.         1.         1.
 1.         1.         0.9375     1.         1.         1.
 1.         1.         1.         1.         1.         1.
 0.9375     1.         1.         1.        ]
Mean precision: 0.9925367647058824
Dev: 0.020213601734208678


DT_borderline_NM Cross-Validation Results precision:
 [0.9375     1.         1.         1.         1.         1.
 1.         1.         1.         1.         1.         1.
 1.         1.         1.         1.         1.         1.
 0.9375     1.         1.         0.94117647 1.         1.
 1.         1.         1.         1.         1.         1.
 1.         1.         1.         0.9375     1.         1.
 1.         1.         1.         1.         1.         1.
 1.         0.9375     1.         1.         1.         1.
 1.         1.         1.         1.         1.         1.
 1.         1.         1.         1.         1.         0.9375
 1.         1.         1.         0.9375     1.         1.
 1.         1.         1.         1.         1.         1.
 1.         1.         1.         1.         0.9375     1.
 1.         1.         1.         1.         1.         1.
 1.         1.         0.9375     1.         1.         1.
 1.         1.         1.         1.         1.         1.
 0.9375     1.         1.         1.        ]
Mean precision: 0.9937867647058823
Dev: 0.018642968736349325


DT_mix_KM Cross-Validation Results precision:
 [0.94117647 1.         0.9375     1.         1.         0.9375
 1.         1.         1.         0.9375     1.         1.
 1.         0.875      1.         1.         1.         0.9375
 1.         0.88235294 0.9375     1.         1.         1.
 0.93333333 1.         0.9375     0.93333333 1.         0.9375
 0.94117647 0.92857143 1.         1.         0.9375     0.9375
 0.9375     1.         1.         1.         0.94117647 1.
 0.82352941 1.         1.         1.         1.         1.
 1.         0.9375     0.94117647 1.         1.         1.
 0.93333333 1.         0.93333333 1.         0.9375     1.
 0.9375     0.9375     0.88235294 0.92857143 1.         1.
 1.         1.         1.         1.         1.         1.
 1.         0.88235294 1.         0.9375     0.9375     0.875
 1.         1.         1.         0.875      1.         1.
 0.93333333 1.         0.9375     1.         1.         0.9375
 1.         0.9375     1.         1.         1.         0.92857143
 1.         1.         0.9375     1.        ]
Mean precision: 0.9706267507002803
Dev: 0.040342875150424146


DT_smote_KM Cross-Validation Results precision:
 [0.94117647 1.         1.         1.         1.         1.
 1.         1.         1.         1.         1.         1.
 1.         1.         1.         1.         1.         0.88235294
 1.         1.         1.         1.         1.         1.
 1.         1.         0.9375     1.         1.         1.
 1.         1.         1.         1.         1.         1.
 0.93333333 1.         1.         1.         1.         1.
 1.         1.         1.         1.         1.         1.
 1.         0.9375     1.         1.         1.         1.
 1.         1.         1.         1.         0.9375     1.
 1.         1.         0.88235294 0.9375     1.         1.
 1.         1.         1.         1.         1.         1.
 1.         0.88235294 1.         1.         1.         0.9375
 1.         1.         1.         0.88235294 1.         1.
 1.         1.         1.         1.         1.         1.
 1.         0.88235294 1.         1.         1.         1.
 1.         1.         1.         1.        ]
Mean precision: 0.9897377450980391
Dev: 0.029344278273413776


DT_GAN_KM Cross-Validation Results precision:
 [0.94117647 1.         1.         1.         1.         0.9375
 1.         1.         1.         1.         1.         1.
 1.         1.         1.         1.         1.         0.9375
 1.         0.88235294 0.88888889 1.         1.         1.
 1.         1.         0.9375     1.         1.         1.
 1.         1.         1.         1.         0.93333333 1.
 0.9375     1.         1.         1.         0.94117647 1.
 1.         1.         1.         1.         1.         1.
 1.         0.93333333 1.         1.         1.         1.
 1.         1.         1.         0.9375     0.9375     1.
 1.         0.9375     0.88235294 0.93333333 1.         1.
 1.         1.         1.         1.         1.         1.
 1.         0.88235294 1.         1.         1.         0.88235294
 1.         1.         1.         0.9375     1.         1.
 0.9375     1.         1.         1.         1.         1.
 1.         0.92857143 1.         1.         0.9375     1.
 1.         1.         1.         1.        ]
Mean precision: 0.9840422502334267
Dev: 0.03265919662590769


DT_borderline_KM Cross-Validation Results precision:
 [0.94117647 1.         0.9375     1.         1.         1.
 1.         1.         1.         0.9375     1.         1.
 1.         0.9375     1.         1.         1.         0.88235294
 1.         1.         1.         1.         1.         1.
 1.         1.         0.9375     0.9375     1.         0.9375
 1.         1.         0.9375     1.         1.         0.9375
 0.9375     1.         1.         1.         1.         1.
 0.9375     1.         1.         0.9375     1.         1.
 1.         0.9375     0.94117647 1.         1.         1.
 1.         1.         0.9375     1.         0.9375     1.
 1.         1.         0.88235294 0.93333333 1.         1.
 1.         1.         1.         1.         1.         1.
 1.         0.875      1.         0.9375     0.9375     0.9375
 1.         1.         1.         0.9375     1.         1.
 1.         1.         0.9375     1.         1.         0.9375
 1.         0.88235294 1.         1.         1.         1.
 0.9375     1.         1.         1.        ]
Mean precision: 0.9802524509803923
Dev: 0.033398657426707654


DT_mix_KM_SWAP Cross-Validation Results precision:
 [0.94117647 1.         0.9375     1.         1.         0.9375
 1.         1.         1.         0.9375     1.         1.
 1.         1.         1.         1.         1.         0.9375
 1.         0.88235294 0.94117647 1.         1.         1.
 1.         1.         0.93333333 0.9375     1.         0.9375
 0.94117647 1.         0.9375     1.         0.9375     0.9375
 0.9375     1.         1.         1.         0.94117647 1.
 1.         1.         1.         0.92307692 1.         1.
 1.         0.9375     0.94117647 1.         1.         1.
 0.9375     1.         0.9375     0.9375     0.9375     1.
 1.         0.9375     0.88235294 0.93333333 1.         1.
 1.         1.         1.         1.         1.         1.
 1.         0.875      1.         0.9375     0.93333333 0.88235294
 1.         1.         1.         0.9375     1.         0.9375
 0.9375     0.93333333 0.9375     1.         1.         1.
 1.         0.9375     1.         1.         1.         1.
 1.         1.         1.         1.        ]
Mean precision: 0.9750935143288085
Dev: 0.03493532082347736


DT_smote_KM_SWAP Cross-Validation Results precision:
 [0.94117647 1.         1.         1.         1.         1.
 1.         1.         1.         1.         1.         1.
 1.         1.         1.         1.         1.         0.88235294
 1.         1.         1.         1.         1.         1.
 1.         1.         0.9375     1.         1.         1.
 1.         1.         1.         1.         1.         1.
 0.9375     1.         1.         1.         1.         1.
 1.         1.         1.         1.         1.         1.
 1.         0.9375     1.         1.         1.         1.
 1.         1.         1.         1.         0.93333333 1.
 1.         1.         0.88235294 0.9375     1.         1.
 1.         1.         1.         1.         1.         1.
 1.         0.88235294 1.         1.         1.         0.9375
 1.         1.         1.         0.9375     1.         1.
 1.         1.         1.         1.         1.         1.
 1.         0.88235294 1.         1.         1.         1.
 1.         1.         1.         1.        ]
Mean precision: 0.9902892156862745
Dev: 0.027798478493874342


DT_GAN_KM_SWAP Cross-Validation Results precision:
 [0.94117647 1.         1.         1.         1.         0.9375
 1.         1.         1.         1.         1.         1.
 1.         1.         1.         1.         1.         0.92857143
 1.         0.88235294 0.94117647 1.         1.         1.
 1.         1.         0.9375     1.         1.         1.
 1.         1.         1.         1.         0.93333333 1.
 0.9375     1.         1.         1.         0.94117647 1.
 1.         1.         1.         1.         1.         1.
 1.         0.9375     1.         1.         1.         1.
 1.         1.         1.         1.         0.93333333 1.
 1.         1.         1.         0.9375     1.         1.
 1.         1.         1.         1.         1.         1.
 1.         0.88235294 1.         1.         1.         0.88235294
 1.         1.         1.         0.9375     1.         1.
 0.93333333 1.         1.         1.         1.         1.
 1.         0.93333333 1.         1.         0.9375     1.
 1.         1.         1.         1.        ]
Mean precision: 0.9869499299719888
Dev: 0.029171261544087515


DT_borderline_KM_SWAP Cross-Validation Results precision:
 [0.9375     1.         1.         1.         1.         1.
 1.         1.         1.         0.9375     1.         1.
 1.         0.9375     1.         1.         1.         0.88235294
 1.         1.         1.         1.         1.         1.
 1.         1.         0.9375     0.9375     1.         0.9375
 1.         1.         0.93333333 1.         1.         0.9375
 0.93333333 1.         1.         1.         1.         1.
 1.         1.         1.         0.9375     1.         1.
 1.         0.9375     0.9375     1.         1.         1.
 1.         1.         1.         1.         0.9375     1.
 1.         1.         0.88235294 0.9375     1.         1.
 1.         1.         1.         1.         1.         1.
 1.         0.88235294 1.         0.9375     1.         0.93333333
 1.         1.         1.         0.88235294 1.         1.
 1.         1.         0.9375     1.         1.         0.9375
 1.         0.88235294 1.         1.         1.         1.
 0.9375     1.         1.         1.        ]
Mean precision: 0.9821176470588235
Dev: 0.03362434102122866


DT_mix_CC Cross-Validation Results precision:
 [0.9375     1.         1.         1.         1.         0.9375
 0.9375     0.93333333 1.         0.9375     1.         0.94117647
 1.         0.9375     1.         1.         1.         1.
 0.83333333 1.         1.         0.88888889 1.         0.9375
 1.         1.         1.         1.         0.9375     1.
 1.         1.         1.         0.88235294 1.         1.
 0.9375     1.         1.         1.         1.         1.
 1.         0.92307692 1.         0.88235294 1.         0.9375
 1.         1.         1.         1.         1.         1.
 1.         0.9375     1.         1.         0.88235294 0.93333333
 0.9375     0.94117647 1.         0.9375     0.9375     1.
 0.9375     1.         1.         1.         1.         0.9375
 1.         1.         1.         1.         0.9375     1.
 1.         0.9375     1.         1.         1.         1.
 1.         1.         0.9375     1.         1.         1.
 1.         1.         1.         1.         1.         1.
 0.92857143 1.         0.9375     1.        ]
Mean precision: 0.9778244900524312
Dev: 0.03654009834272136


DT_smote_CC Cross-Validation Results precision:
 [0.93333333 1.         1.         1.         1.         1.
 1.         1.         1.         1.         1.         1.
 1.         1.         1.         1.         1.         1.
 0.83333333 1.         1.         0.88888889 1.         1.
 1.         1.         1.         1.         1.         1.
 1.         1.         1.         0.9375     1.         1.
 1.         1.         1.         1.         1.         1.
 1.         0.9375     1.         0.88235294 1.         1.
 1.         1.         1.         1.         1.         1.
 1.         1.         1.         1.         0.88235294 0.9375
 1.         1.         1.         0.9375     1.         1.
 1.         1.         1.         1.         1.         1.
 1.         1.         1.         1.         0.88235294 1.
 1.         1.         1.         1.         1.         1.
 1.         1.         0.93333333 1.         1.         1.
 1.         1.         1.         1.         1.         1.
 0.9375     1.         1.         1.        ]
Mean precision: 0.9892344771241831
Dev: 0.03138095580913995


DT_GAN_CC Cross-Validation Results precision:
 [0.93333333 1.         1.         1.         1.         0.9375
 1.         1.         1.         1.         1.         0.94117647
 1.         1.         1.         1.         1.         0.9375
 0.83333333 1.         1.         0.9375     1.         0.9375
 1.         0.9375     1.         1.         1.         1.
 1.         1.         1.         0.9375     1.         1.
 0.93333333 1.         1.         1.         1.         1.
 1.         0.9375     1.         0.88235294 1.         0.9375
 1.         1.         1.         1.         1.         1.
 1.         0.9375     0.9375     1.         0.88235294 0.88235294
 0.9375     1.         1.         0.9375     0.93333333 1.
 1.         1.         1.         1.         1.         0.94117647
 1.         1.         1.         1.         0.9375     1.
 1.         1.         1.         1.         1.         1.
 1.         1.         0.9375     0.9375     1.         1.
 1.         0.94117647 1.         1.         1.         1.
 0.9375     1.         0.9375     1.        ]
Mean precision: 0.9804142156862745
Dev: 0.034793703536643635


DT_borderline_CC Cross-Validation Results precision:
 [0.9375     1.         1.         1.         1.         1.
 0.9375     1.         1.         1.         1.         1.
 1.         1.         1.         1.         1.         1.
 0.83333333 1.         1.         0.88235294 1.         1.
 1.         1.         1.         1.         1.         1.
 1.         1.         1.         0.9375     1.         1.
 1.         1.         1.         1.         1.         1.
 1.         0.9375     1.         0.88235294 1.         1.
 1.         1.         1.         1.         1.         1.
 1.         1.         1.         1.         0.88235294 0.9375
 1.         1.         1.         0.9375     1.         1.
 1.         1.         1.         1.         1.         1.
 1.         1.         1.         1.         0.93333333 1.
 1.         1.         1.         1.         1.         1.
 0.9375     1.         0.9375     1.         1.         1.
 1.         1.         1.         1.         1.         1.
 0.92857143 1.         1.         1.        ]
Mean precision: 0.9884229691876751
Dev: 0.031095657276391128


RF_mix_NM Cross-Validation Results precision:
 [0.9375     1.         1.         1.         1.         1.
 1.         1.         1.         1.         1.         1.
 1.         1.         1.         1.         1.         1.
 0.9375     1.         1.         0.94117647 1.         1.
 1.         1.         1.         1.         1.         1.
 1.         1.         1.         0.9375     1.         1.
 1.         1.         1.         1.         1.         1.
 1.         0.9375     1.         1.         1.         1.
 1.         1.         1.         1.         1.         1.
 1.         1.         1.         1.         1.         0.9375
 0.9375     1.         1.         0.9375     1.         1.
 1.         1.         1.         1.         1.         1.
 1.         1.         1.         1.         0.9375     1.
 1.         1.         1.         1.         1.         1.
 1.         1.         0.9375     1.         1.         1.
 1.         1.         1.         1.         0.9375     1.
 0.9375     1.         1.         1.        ]
Mean precision: 0.9925367647058824
Dev: 0.020213601734208674


RF_smote_NM Cross-Validation Results precision:
 [0.9375     1.         1.         1.         1.         1.
 1.         1.         1.         1.         1.         1.
 1.         1.         1.         1.         1.         1.
 0.9375     1.         1.         0.94117647 1.         1.
 1.         1.         1.         1.         1.         1.
 1.         1.         1.         0.93333333 1.         1.
 1.         1.         1.         1.         1.         1.
 1.         0.9375     1.         1.         1.         1.
 1.         1.         1.         1.         1.         1.
 1.         1.         1.         1.         1.         0.9375
 1.         1.         1.         0.9375     1.         1.
 1.         1.         1.         1.         1.         1.
 1.         1.         1.         1.         0.9375     1.
 1.         1.         1.         1.         1.         1.
 0.9375     1.         0.9375     1.         1.         1.
 1.         1.         1.         1.         1.         1.
 0.9375     1.         1.         1.        ]
Mean precision: 0.9931200980392156
Dev: 0.019577435214527164


RF_GAN_NM Cross-Validation Results precision:
 [0.88235294 1.         1.         1.         1.         1.
 1.         0.9375     1.         1.         1.         1.
 1.         1.         0.9375     1.         1.         1.
 0.9375     1.         1.         0.84210526 1.         1.
 1.         0.9375     1.         1.         1.         1.
 1.         1.         1.         0.9375     1.         1.
 0.9375     1.         1.         1.         1.         1.
 1.         0.9375     0.9375     0.9375     1.         1.
 0.93333333 1.         1.         1.         0.9375     1.
 1.         1.         1.         1.         0.9375     0.9375
 1.         0.94117647 1.         0.9375     1.         1.
 0.9375     1.         1.         1.         1.         1.
 1.         1.         1.         0.9375     0.88235294 1.
 1.         1.         1.         1.         1.         1.
 0.88235294 1.         0.9375     1.         1.         1.
 0.9375     1.         1.         1.         0.9375     1.
 0.9375     1.         1.         1.        ]
Mean precision: 0.9817617389060888
Dev: 0.03395780095292571


RF_borderline_NM Cross-Validation Results precision:
 [0.9375     1.         1.         1.         1.         1.
 1.         1.         1.         1.         1.         1.
 1.         1.         1.         1.         1.         1.
 0.9375     1.         1.         0.94117647 1.         1.
 1.         1.         1.         1.         1.         1.
 1.         1.         1.         0.9375     1.         1.
 1.         1.         1.         1.         1.         1.
 1.         0.9375     0.9375     1.         1.         1.
 1.         1.         1.         1.         1.         1.
 1.         1.         1.         1.         1.         0.9375
 1.         1.         1.         0.9375     1.         1.
 1.         1.         1.         1.         1.         1.
 1.         1.         1.         1.         0.9375     1.
 1.         1.         1.         1.         1.         1.
 1.         1.         0.9375     1.         1.         1.
 1.         1.         1.         1.         1.         1.
 0.9375     1.         1.         1.        ]
Mean precision: 0.9931617647058824
Dev: 0.01945419271485844


RF_mix_KM Cross-Validation Results precision:
 [0.94117647 1.         0.9375     1.         1.         1.
 1.         1.         1.         1.         1.         1.
 1.         0.9375     1.         1.         1.         0.88235294
 1.         1.         1.         1.         1.         1.
 1.         1.         0.9375     0.9375     1.         0.9375
 1.         1.         1.         1.         1.         1.
 0.9375     1.         1.         1.         1.         1.
 0.9375     1.         1.         1.         1.         1.
 1.         1.         1.         1.         1.         1.
 1.         1.         0.9375     1.         0.93333333 1.
 1.         1.         1.         0.93333333 1.         1.
 1.         1.         1.         1.         1.         1.
 1.         0.9375     1.         1.         0.9375     1.
 1.         1.         1.         0.9375     1.         1.
 1.         1.         1.         1.         1.         0.9375
 1.         0.9375     1.         1.         1.         1.
 0.9375     1.         1.         1.        ]
Mean precision: 0.9881519607843137
Dev: 0.02585339893041699


RF_smote_KM Cross-Validation Results precision:
 [0.94117647 1.         0.93333333 1.         1.         1.
 1.         0.9375     1.         1.         1.         1.
 1.         0.9375     1.         1.         0.88235294 0.9375
 0.9375     1.         1.         1.         1.         1.
 1.         1.         0.9375     0.9375     1.         1.
 0.94117647 1.         1.         0.9375     1.         1.
 0.93333333 1.         1.         1.         1.         0.88235294
 0.9375     1.         1.         1.         1.         1.
 1.         0.9375     1.         1.         1.         1.
 1.         0.88235294 0.88235294 1.         0.93333333 1.
 1.         1.         0.9375     0.9375     1.         1.
 1.         0.93333333 1.         1.         0.88888889 1.
 1.         0.88235294 1.         1.         0.9375     0.9375
 1.         1.         1.         0.9375     1.         1.
 1.         1.         0.9375     1.         0.9375     0.93333333
 1.         0.9375     1.         1.         1.         1.
 0.9375     1.         1.         1.        ]
Mean precision: 0.9772467320261439
Dev: 0.03594910963565097


RF_GAN_KM Cross-Validation Results precision:
 [1.         1.         0.93333333 1.         1.         1.
 1.         1.         1.         1.         1.         1.
 1.         1.         1.         1.         1.         0.9375
 1.         1.         0.94117647 1.         1.         1.
 1.         1.         1.         1.         1.         1.
 1.         1.         1.         1.         1.         0.9375
 1.         1.         1.         1.         0.94117647 1.
 1.         1.         1.         1.         1.         1.
 1.         1.         1.         1.         1.         1.
 1.         1.         1.         1.         1.         1.
 1.         1.         0.9375     1.         1.         1.
 1.         1.         1.         1.         1.         1.
 1.         1.         1.         1.         0.9375     1.
 1.         1.         1.         1.         1.         1.
 1.         1.         1.         1.         1.         0.9375
 1.         1.         1.         1.         1.         1.
 0.9375     1.         1.         1.        ]
Mean precision: 0.994406862745098
Dev: 0.017797202374008315


RF_borderline_KM Cross-Validation Results precision:
 [0.94117647 1.         0.9375     1.         1.         1.
 1.         1.         1.         1.         1.         1.
 1.         0.9375     1.         1.         1.         0.88235294
 1.         1.         1.         1.         1.         1.
 1.         1.         0.9375     0.9375     1.         0.9375
 1.         1.         1.         1.         1.         0.9375
 0.9375     1.         1.         1.         1.         1.
 0.9375     1.         1.         0.9375     1.         1.
 1.         0.93333333 0.94117647 1.         1.         1.
 1.         1.         0.9375     1.         0.9375     1.
 1.         1.         0.88235294 0.93333333 1.         1.
 1.         1.         1.         1.         1.         1.
 0.93333333 0.875      1.         0.9375     0.9375     0.9375
 1.         1.         1.         0.9375     1.         1.
 1.         1.         0.9375     1.         1.         0.9375
 1.         0.88235294 1.         1.         1.         1.
 0.9375     1.         1.         1.        ]
Mean precision: 0.9807941176470588
Dev: 0.03329071164938144


RF_mix_KM_SWAP Cross-Validation Results precision:
 [0.9375     1.         0.9375     1.         1.         1.
 0.9375     1.         1.         1.         1.         1.
 1.         0.9375     1.         1.         1.         0.88235294
 1.         1.         0.94117647 1.         1.         1.
 1.         1.         0.9375     0.9375     1.         0.9375
 1.         1.         1.         1.         0.9375     0.9375
 0.9375     1.         1.         1.         0.94117647 1.
 0.9375     1.         0.93333333 1.         1.         1.
 1.         0.9375     1.         1.         0.9375     1.
 1.         1.         0.9375     0.9375     0.9375     1.
 1.         0.9375     0.9375     0.9375     1.         1.
 1.         1.         1.         1.         1.         1.
 1.         0.88235294 1.         1.         0.93333333 0.9375
 1.         1.         1.         0.9375     1.         1.
 0.9375     1.         1.         1.         1.         0.9375
 1.         0.9375     1.         1.         1.         1.
 0.875      1.         1.         1.        ]
Mean precision: 0.9788872549019608
Dev: 0.03290762289439614


RF_smote_KM_SWAP Cross-Validation Results precision:
 [0.94117647 1.         0.9375     1.         1.         1.
 1.         1.         1.         1.         1.         1.
 1.         0.9375     1.         1.         1.         0.9375
 1.         1.         1.         1.         1.         1.
 1.         1.         0.9375     0.9375     1.         1.
 1.         1.         1.         1.         1.         0.9375
 0.9375     1.         1.         1.         1.         1.
 0.9375     1.         1.         1.         1.         1.
 1.         0.9375     1.         1.         1.         1.
 1.         1.         0.9375     1.         0.93333333 1.
 1.         1.         0.9375     0.9375     1.         1.
 1.         1.         1.         1.         1.         1.
 1.         0.9375     1.         1.         0.9375     0.9375
 1.         1.         1.         0.9375     1.         1.
 1.         1.         1.         1.         1.         0.9375
 1.         0.9375     1.         1.         1.         1.
 0.9375     1.         1.         1.        ]
Mean precision: 0.9868700980392157
Dev: 0.025472331951927846


RF_GAN_KM_SWAP Cross-Validation Results precision:
 [0.94117647 0.9375     0.9375     1.         1.         0.9375
 1.         1.         1.         1.         1.         1.
 1.         0.9375     1.         1.         1.         0.9375
 1.         0.9375     0.94117647 1.         1.         1.
 1.         1.         0.9375     0.93333333 1.         1.
 1.         1.         1.         0.9375     1.         1.
 0.9375     1.         1.         1.         1.         1.
 0.9375     1.         0.9375     1.         1.         1.
 1.         0.9375     1.         1.         1.         1.
 0.9375     1.         0.9375     1.         0.9375     1.
 1.         0.93333333 0.9375     0.9375     1.         1.
 1.         0.9375     1.         1.         1.         1.
 1.         0.9375     1.         1.         0.9375     0.9375
 1.         1.         1.         0.9375     1.         0.9375
 1.         1.         1.         1.         1.         0.9375
 1.         0.9375     1.         1.         1.         0.9375
 1.         1.         1.         1.        ]
Mean precision: 0.9812401960784314
Dev: 0.02866684143679457


RF_borderline_KM_SWAP Cross-Validation Results precision:
 [0.94117647 0.93333333 0.9375     1.         1.         1.
 1.         1.         1.         0.9375     1.         0.9375
 1.         0.9375     1.         1.         1.         0.88235294
 1.         1.         0.9375     1.         1.         1.
 1.         1.         0.9375     0.9375     1.         0.9375
 1.         1.         0.93333333 0.9375     1.         0.9375
 0.9375     1.         1.         1.         1.         1.
 0.9375     1.         1.         0.9375     1.         1.
 1.         0.9375     0.94117647 1.         1.         1.
 1.         1.         0.93333333 1.         0.9375     1.
 1.         1.         0.88235294 0.9375     1.         1.
 1.         0.9375     1.         1.         1.         1.
 1.         0.88235294 1.         0.9375     0.9375     0.93333333
 1.         1.         1.         0.9375     1.         0.9375
 1.         1.         0.9375     1.         1.         0.9375
 1.         0.88235294 0.9375     1.         1.         0.93333333
 0.9375     1.         1.         1.        ]
Mean precision: 0.9751593137254901
Dev: 0.03470680621831714


RF_mix_CC Cross-Validation Results precision:
 [0.9375     1.         1.         1.         1.         1.
 0.9375     1.         1.         1.         1.         0.94117647
 1.         1.         1.         1.         1.         1.
 0.88235294 1.         1.         0.88888889 1.         1.
 1.         1.         1.         1.         1.         1.
 1.         1.         0.9375     0.93333333 1.         1.
 1.         1.         1.         1.         1.         1.
 1.         0.9375     1.         0.9375     1.         0.9375
 1.         0.9375     1.         1.         1.         1.
 1.         0.9375     1.         1.         0.9375     0.93333333
 0.9375     1.         1.         0.9375     1.         1.
 1.         1.         1.         1.         1.         0.94117647
 1.         1.         1.         1.         0.88235294 1.
 1.         1.         1.         1.         1.         1.
 1.         1.         0.9375     0.9375     1.         1.
 0.9375     1.         1.         1.         1.         1.
 0.9375     1.         1.         1.        ]
Mean precision: 0.9846511437908496
Dev: 0.030144925830541503


RF_smote_CC Cross-Validation Results precision:
 [0.9375     1.         1.         1.         1.         1.
 0.93333333 1.         1.         1.         1.         1.
 1.         1.         1.         1.         1.         1.
 0.88235294 1.         1.         0.94117647 1.         1.
 1.         0.93333333 1.         1.         1.         1.
 1.         1.         1.         0.9375     1.         1.
 1.         1.         1.         1.         1.         1.
 1.         0.9375     1.         0.9375     1.         1.
 1.         1.         1.         1.         1.         1.
 1.         1.         1.         1.         0.9375     0.9375
 0.9375     0.94117647 1.         0.9375     1.         1.
 1.         1.         1.         1.         1.         1.
 1.         1.         1.         1.         0.88235294 1.
 1.         1.         1.         1.         1.         1.
 0.9375     1.         0.93333333 0.9375     1.         1.
 0.9375     1.         1.         1.         1.         1.
 0.9375     1.         1.         1.        ]
Mean precision: 0.986970588235294
Dev: 0.02789871903232749


RF_GAN_CC Cross-Validation Results precision:
 [0.93333333 1.         1.         1.         1.         1.
 1.         1.         1.         1.         1.         1.
 1.         1.         1.         1.         1.         1.
 0.88235294 1.         1.         0.9375     1.         1.
 1.         1.         1.         1.         1.         1.
 1.         1.         1.         0.9375     1.         1.
 1.         1.         1.         1.         1.         1.
 1.         0.9375     1.         1.         1.         1.
 1.         1.         1.         1.         1.         1.
 1.         1.         1.         1.         0.9375     0.9375
 1.         1.         1.         0.9375     1.         1.
 1.         1.         1.         1.         1.         0.94117647
 1.         1.         1.         1.         0.88235294 1.
 1.         1.         1.         1.         1.         1.
 1.         1.         1.         1.         1.         1.
 1.         1.         1.         1.         0.93333333 1.
 0.9375     1.         1.         1.        ]
Mean precision: 0.9913504901960783
Dev: 0.024473067935219337


RF_borderline_CC Cross-Validation Results precision:
 [0.93333333 1.         1.         1.         1.         0.9375
 0.9375     1.         1.         1.         1.         1.
 1.         1.         1.         1.         1.         1.
 0.83333333 1.         1.         0.88235294 1.         0.9375
 1.         1.         1.         1.         1.         1.
 1.         1.         1.         0.9375     0.9375     0.93333333
 1.         1.         1.         1.         1.         1.
 1.         0.9375     1.         0.88235294 1.         1.
 1.         1.         1.         1.         1.         1.
 1.         1.         1.         1.         0.88235294 0.9375
 0.93333333 0.94117647 1.         0.9375     1.         1.
 1.         1.         1.         1.         0.9375     1.
 1.         1.         1.         1.         0.88235294 1.
 1.         1.         1.         1.         1.         0.93333333
 0.9375     1.         0.9375     1.         1.         1.
 0.9375     0.94117647 1.         1.         1.         1.
 0.93333333 1.         1.         1.        ]
Mean precision: 0.9816176470588235
Dev: 0.03540729403086651


XGB_mix_NM Cross-Validation Results precision:
 [0.88235294 1.         1.         1.         1.         1.
 1.         1.         0.9375     1.         1.         1.
 1.         1.         0.9375     1.         1.         0.9375
 0.9375     1.         1.         0.88888889 1.         1.
 1.         1.         1.         1.         0.9375     1.
 1.         1.         1.         0.93333333 1.         1.
 0.93333333 1.         1.         0.9375     1.         1.
 1.         0.88235294 0.9375     1.         1.         1.
 1.         1.         0.9375     1.         0.9375     1.
 1.         1.         1.         1.         1.         0.93333333
 0.9375     1.         1.         0.9375     1.         1.
 0.9375     1.         1.         1.         1.         1.
 1.         1.         1.         0.9375     0.9375     0.9375
 1.         1.         1.         1.         1.         1.
 0.9375     1.         0.9375     1.         0.9375     1.
 1.         0.94117647 1.         1.         0.9375     1.
 0.9375     1.         1.         1.        ]
Mean precision: 0.9814477124183008
Dev: 0.03170601573934861


XGB_smote_NM Cross-Validation Results precision:
 [0.88235294 1.         1.         1.         1.         1.
 1.         1.         0.9375     1.         1.         1.
 1.         1.         0.9375     1.         1.         1.
 0.9375     1.         1.         0.88888889 1.         1.
 1.         1.         1.         1.         0.9375     1.
 1.         1.         1.         0.9375     1.         1.
 0.9375     1.         1.         0.9375     1.         1.
 1.         0.88235294 0.9375     1.         1.         1.
 1.         1.         0.9375     1.         0.9375     1.
 1.         1.         1.         1.         1.         0.9375
 0.9375     1.         1.         0.9375     1.         1.
 0.9375     1.         1.         1.         1.         1.
 1.         1.         1.         0.9375     0.9375     0.9375
 1.         1.         1.         1.         1.         1.
 0.9375     1.         0.9375     1.         0.9375     1.
 1.         0.94117647 1.         1.         0.9375     1.
 0.9375     1.         1.         1.        ]
Mean precision: 0.9821977124183006
Dev: 0.03126226210789996


XGB_GAN_NM Cross-Validation Results precision:
 [0.88235294 1.         1.         1.         1.         1.
 0.9375     0.93333333 1.         1.         1.         1.
 1.         1.         0.9375     1.         1.         0.9375
 0.9375     1.         1.         0.88888889 1.         1.
 1.         1.         1.         1.         1.         1.
 1.         1.         1.         0.93333333 1.         1.
 0.9375     1.         1.         1.         1.         1.
 1.         0.88235294 0.9375     0.9375     1.         1.
 0.92857143 1.         1.         1.         0.9375     1.
 1.         0.9375     1.         1.         1.         0.93333333
 1.         1.         1.         0.9375     1.         1.
 0.9375     1.         1.         1.         1.         1.
 1.         1.         1.         0.88235294 0.9375     0.9375
 1.         1.         1.         1.         1.         1.
 0.93333333 1.         0.9375     1.         1.         0.93333333
 0.93333333 1.         1.         0.92857143 0.9375     1.
 0.9375     1.         1.         1.        ]
Mean precision: 0.9799309056956116
Dev: 0.03360982952073735


XGB_borderline_NM Cross-Validation Results precision:
 [0.88235294 1.         1.         1.         1.         1.
 1.         1.         0.9375     1.         1.         1.
 1.         1.         0.9375     1.         1.         0.9375
 0.88235294 1.         1.         0.88888889 1.         1.
 1.         1.         1.         1.         0.9375     1.
 1.         1.         1.         0.9375     1.         1.
 0.9375     1.         1.         0.9375     1.         1.
 1.         0.875      0.9375     1.         1.         1.
 1.         1.         0.9375     1.         0.93333333 1.
 1.         1.         1.         1.         1.         0.9375
 0.9375     1.         1.         0.9375     1.         1.
 0.9375     1.         1.         1.         1.         1.
 1.         1.         1.         0.9375     0.9375     0.9375
 1.         1.         1.         1.         1.         1.
 0.9375     1.         0.93333333 1.         0.9375     1.
 1.         0.94117647 1.         1.         0.9375     1.
 0.9375     1.         1.         1.        ]
Mean precision: 0.9808643790849674
Dev: 0.03309217998756832


XGB_mix_KM Cross-Validation Results precision:
 [0.94117647 1.         0.9375     1.         1.         0.9375
 1.         1.         1.         1.         1.         0.9375
 1.         0.93333333 1.         1.         1.         0.9375
 1.         0.9375     1.         1.         1.         1.
 1.         1.         0.9375     0.9375     1.         1.
 1.         1.         1.         1.         0.9375     0.9375
 0.9375     1.         1.         1.         0.94117647 1.
 0.93333333 1.         1.         1.         1.         1.
 1.         0.9375     1.         1.         1.         1.
 1.         1.         0.9375     0.9375     0.9375     1.
 1.         0.9375     0.9375     0.93333333 1.         1.
 1.         1.         1.         1.         1.         1.
 1.         0.88235294 1.         1.         0.9375     0.875
 1.         1.         1.         0.9375     1.         1.
 0.9375     1.         1.         1.         1.         0.93333333
 1.         0.9375     1.         1.         0.92857143 1.
 0.9375     1.         1.         1.        ]
Mean precision: 0.9798911064425769
Dev: 0.031758550700318196


XGB_smote_KM Cross-Validation Results precision:
 [0.94117647 1.         1.         1.         1.         1.
 1.         1.         1.         1.         1.         0.9375
 1.         1.         1.         1.         1.         0.9375
 1.         1.         0.94117647 1.         1.         1.
 1.         1.         0.9375     1.         1.         1.
 1.         1.         1.         0.9375     1.         1.
 0.93333333 1.         1.         1.         1.         1.
 1.         1.         0.9375     1.         1.         1.
 1.         0.88235294 1.         1.         1.         1.
 0.9375     1.         1.         1.         0.92307692 1.
 1.         1.         0.9375     0.9375     1.         1.
 1.         0.93333333 1.         1.         1.         1.
 1.         0.88235294 1.         1.         0.9375     0.9375
 1.         1.         1.         0.9375     1.         0.9375
 1.         1.         1.         1.         1.         0.93333333
 1.         0.9375     1.         0.9375     1.         0.9375
 1.         1.         1.         1.        ]
Mean precision: 0.9843263574660633
Dev: 0.029644563109118616


XGB_GAN_KM Cross-Validation Results precision:
 [0.94117647 1.         1.         1.         1.         1.
 1.         1.         0.9375     1.         1.         1.
 1.         1.         1.         1.         1.         0.9375
 1.         0.88235294 0.94117647 1.         1.         1.
 1.         1.         0.9375     1.         1.         1.
 1.         1.         1.         1.         0.9375     1.
 0.9375     1.         1.         1.         0.9375     1.
 1.         1.         1.         1.         1.         1.
 1.         0.93333333 1.         1.         1.         1.
 1.         1.         1.         0.9375     0.93333333 1.
 1.         1.         1.         0.93333333 1.         1.
 1.         1.         1.         1.         0.94117647 1.
 1.         1.         1.         1.         1.         0.88235294
 1.         1.         1.         0.9375     1.         1.
 0.9375     1.         1.         1.         1.         1.
 1.         0.93333333 1.         1.         1.         1.
 0.93333333 1.         1.         1.        ]
Mean precision: 0.9869240196078433
Dev: 0.027989753417570394


XGB_borderline_KM Cross-Validation Results precision:
 [0.94117647 0.9375     0.9375     1.         1.         1.
 1.         1.         1.         0.9375     1.         0.9375
 1.         0.9375     1.         1.         1.         0.9375
 1.         1.         1.         1.         1.         1.
 1.         1.         0.9375     0.9375     1.         1.
 1.         1.         1.         1.         1.         0.9375
 0.9375     1.         1.         1.         1.         1.
 0.9375     1.         0.93333333 1.         1.         1.
 1.         0.93333333 1.         1.         1.         1.
 0.9375     1.         0.9375     1.         0.9375     1.
 1.         1.         0.9375     0.93333333 1.         0.9375
 1.         1.         1.         1.         1.         1.
 1.         0.875      1.         1.         0.9375     0.9375
 1.         1.         1.         0.9375     0.9375     1.
 1.         1.         1.         1.         1.         0.9375
 1.         0.9375     1.         0.9375     1.         1.
 0.9375     1.         1.         1.        ]
Mean precision: 0.9811617647058825
Dev: 0.030113224677230453


XGB_mix_KM_SWAP Cross-Validation Results precision:
 [0.94117647 0.9375     0.9375     1.         1.         1.
 1.         1.         1.         1.         1.         1.
 1.         0.9375     1.         1.         1.         0.9375
 1.         0.9375     0.88888889 1.         1.         1.
 1.         1.         0.93333333 0.9375     1.         1.
 1.         1.         1.         0.92857143 1.         0.93333333
 0.9375     1.         1.         1.         0.94117647 1.
 0.9375     1.         0.9375     1.         1.         1.
 1.         0.9375     1.         1.         1.         1.
 1.         1.         0.9375     0.9375     0.9375     1.
 1.         0.93333333 0.9375     0.9375     1.         1.
 1.         1.         1.         1.         1.         1.
 1.         0.875      1.         1.         0.93333333 0.88235294
 1.         1.         1.         0.9375     1.         0.93333333
 1.         1.         1.         1.         1.         0.9375
 1.         0.9375     1.         1.         0.9375     0.9375
 0.93333333 1.         1.         1.        ]
Mean precision: 0.9780716619981327
Dev: 0.03324762118071985


XGB_smote_KM_SWAP Cross-Validation Results precision:
 [0.94117647 0.93333333 1.         1.         1.         1.
 1.         1.         1.         1.         1.         0.9375
 1.         1.         1.         1.         1.         0.9375
 1.         1.         0.94117647 1.         1.         1.
 1.         1.         0.9375     1.         1.         1.
 1.         1.         1.         0.9375     1.         1.
 0.9375     1.         1.         1.         1.         1.
 1.         1.         0.93333333 1.         1.         1.
 1.         0.9375     1.         1.         1.         1.
 0.9375     1.         1.         1.         0.93333333 1.
 1.         1.         0.9375     0.9375     1.         0.9375
 1.         0.9375     1.         1.         1.         1.
 1.         0.88235294 1.         1.         1.         0.9375
 1.         1.         1.         0.9375     1.         0.9375
 1.         1.         1.         1.         1.         1.
 1.         0.9375     1.         1.         1.         0.9375
 1.         1.         1.         1.        ]
Mean precision: 0.9856470588235294
Dev: 0.027566988766738985


XGB_GAN_KM_SWAP Cross-Validation Results precision:
 [0.94117647 0.9375     1.         1.         1.         0.9375
 1.         1.         1.         1.         1.         0.9375
 1.         1.         1.         1.         1.         0.9375
 1.         1.         0.875      1.         1.         1.
 1.         1.         0.9375     1.         1.         1.
 1.         1.         1.         0.9375     0.9375     1.
 0.9375     1.         1.         1.         0.94117647 1.
 1.         1.         0.9375     1.         1.         1.
 1.         0.9375     1.         1.         1.         1.
 0.93333333 1.         1.         0.9375     0.9375     1.
 1.         0.92857143 1.         0.9375     1.         1.
 1.         0.93333333 1.         1.         1.         1.
 1.         0.9375     1.         1.         1.         0.88235294
 1.         1.         1.         0.9375     1.         0.9375
 0.93333333 1.         1.         1.         1.         1.
 1.         0.9375     1.         1.         0.9375     0.9375
 1.         1.         1.         1.        ]
Mean precision: 0.9818077731092437
Dev: 0.030974934689184528


XGB_borderline_KM_SWAP Cross-Validation Results precision:
 [0.94117647 0.93333333 0.9375     1.         1.         1.
 1.         1.         1.         1.         1.         0.9375
 1.         0.9375     1.         1.         1.         0.9375
 1.         1.         0.9375     1.         1.         1.
 1.         1.         0.9375     0.9375     1.         1.
 0.94117647 1.         1.         0.9375     1.         0.9375
 0.9375     1.         1.         1.         1.         1.
 0.9375     1.         0.9375     1.         1.         1.
 1.         0.9375     1.         1.         1.         1.
 0.9375     1.         0.93333333 1.         0.9375     1.
 1.         1.         0.88235294 0.9375     1.         0.9375
 1.         0.9375     1.         1.         1.         1.
 1.         0.88235294 1.         1.         0.9375     0.93333333
 1.         1.         1.         0.9375     0.9375     0.9375
 1.         1.         1.         1.         1.         0.9375
 1.         0.9375     1.         0.9375     1.         0.93333333
 0.9375     1.         1.         1.        ]
Mean precision: 0.9775539215686274
Dev: 0.03218069455552699


XGB_mix_CC Cross-Validation Results precision:
 [0.9375     0.94117647 1.         1.         1.         0.9375
 0.9375     1.         1.         1.         1.         1.
 1.         1.         0.92857143 1.         1.         1.
 0.83333333 1.         1.         0.88888889 1.         0.9375
 1.         1.         1.         1.         1.         1.
 1.         1.         1.         0.92857143 0.9375     1.
 0.9375     1.         1.         1.         1.         1.
 1.         0.93333333 1.         0.9375     1.         0.9375
 1.         1.         1.         1.         1.         1.
 1.         0.88235294 1.         1.         0.9375     0.9375
 0.9375     0.94117647 1.         0.9375     0.9375     1.
 1.         1.         1.         1.         1.         0.9375
 1.         0.9375     1.         1.         0.88235294 1.
 1.         1.         1.         1.         1.         1.
 0.93333333 1.         0.9375     0.9375     1.         1.
 0.93333333 1.         1.         1.         1.         1.
 0.92857143 1.         0.88235294 1.        ]
Mean precision: 0.9777484827264239
Dev: 0.036619539463134336


XGB_smote_CC Cross-Validation Results precision:
 [0.9375     1.         1.         1.         1.         1.
 1.         1.         1.         1.         1.         1.
 1.         1.         0.9375     1.         1.         1.
 0.83333333 1.         1.         0.94117647 1.         1.
 1.         1.         1.         1.         1.         1.
 1.         1.         1.         0.9375     1.         1.
 0.9375     1.         1.         1.         1.         1.
 1.         0.9375     0.93333333 0.9375     1.         1.
 1.         1.         1.         1.         0.93333333 1.
 1.         0.88235294 1.         1.         0.9375     0.9375
 1.         1.         1.         0.9375     1.         1.
 0.9375     1.         1.         1.         1.         1.
 1.         1.         1.         0.9375     0.9375     1.
 1.         1.         1.         1.         1.         1.
 0.9375     1.         0.93333333 1.         1.         1.
 1.         1.         1.         1.         0.9375     1.
 0.9375     1.         1.         1.        ]
Mean precision: 0.9851936274509805
Dev: 0.030835536701565407


XGB_GAN_CC Cross-Validation Results precision:
 [0.93333333 1.         1.         1.         1.         0.93333333
 1.         1.         1.         1.         1.         0.94117647
 1.         1.         1.         1.         1.         1.
 0.83333333 1.         1.         0.9375     1.         0.9375
 1.         1.         1.         1.         1.         1.
 1.         1.         1.         0.9375     1.         1.
 0.93333333 1.         1.         1.         1.         1.
 1.         0.9375     1.         1.         1.         0.9375
 1.         1.         1.         1.         1.         1.
 1.         0.9375     1.         1.         0.9375     0.9375
 0.9375     1.         1.         0.9375     1.         1.
 1.         1.         1.         1.         1.         0.9375
 1.         1.         1.         1.         0.9375     1.
 1.         1.         1.         1.         1.         1.
 1.         1.         0.9375     0.9375     1.         1.
 1.         1.         1.         1.         1.         1.
 0.9375     1.         0.9375     1.        ]
Mean precision: 0.9857450980392156
Dev: 0.029453538960948412


XGB_borderline_CC Cross-Validation Results precision:
 [0.93333333 1.         1.         1.         1.         1.
 0.9375     1.         0.9375     1.         1.         1.
 1.         1.         1.         1.         1.         0.9375
 0.83333333 1.         1.         0.88235294 1.         1.
 1.         1.         1.         1.         0.9375     1.
 1.         1.         1.         0.9375     0.9375     1.
 0.93333333 1.         1.         0.9375     1.         1.
 1.         0.88235294 1.         0.9375     1.         1.
 1.         1.         0.9375     1.         0.9375     1.
 1.         1.         1.         1.         0.9375     0.9375
 0.93333333 0.94117647 1.         0.9375     1.         1.
 0.9375     1.         1.         1.         1.         1.
 1.         1.         1.         0.9375     0.88235294 0.9375
 1.         1.         1.         1.         1.         1.
 0.88235294 1.         0.9375     1.         0.9375     1.
 0.9375     0.94117647 1.         1.         0.9375     1.
 0.93333333 1.         1.         1.        ]
Mean precision: 0.9772843137254903
Dev: 0.03665570246054244


XGBRF_mix_NM Cross-Validation Results precision:
 [0.88235294 1.         1.         1.         1.         1.
 1.         1.         0.9375     1.         1.         1.
 1.         1.         0.9375     1.         1.         0.9375
 0.9375     1.         1.         0.88888889 1.         1.
 1.         1.         1.         1.         0.9375     1.
 1.         1.         1.         0.9375     1.         1.
 0.93333333 1.         1.         0.9375     1.         1.
 1.         0.88235294 0.9375     1.         1.         1.
 1.         1.         0.9375     1.         0.9375     1.
 1.         1.         1.         1.         1.         0.93333333
 0.9375     1.         1.         0.9375     1.         1.
 0.9375     1.         1.         1.         1.         1.
 1.         1.         1.         0.9375     0.9375     0.9375
 1.         1.         1.         1.         1.         1.
 0.9375     1.         0.9375     1.         0.9375     1.
 1.         0.94117647 1.         1.         0.9375     1.
 0.9375     1.         1.         1.        ]
Mean precision: 0.9814893790849674
Dev: 0.03164543849393476


XGBRF_smote_NM Cross-Validation Results precision:
 [0.88235294 1.         1.         1.         1.         1.
 1.         1.         0.9375     1.         1.         1.
 1.         1.         0.9375     1.         1.         0.9375
 0.9375     1.         1.         0.88888889 1.         1.
 1.         1.         1.         1.         0.9375     1.
 1.         1.         1.         0.9375     1.         1.
 0.9375     1.         1.         0.9375     1.         1.
 1.         0.88235294 0.9375     1.         1.         1.
 1.         1.         0.9375     1.         0.9375     1.
 1.         1.         1.         1.         1.         0.9375
 0.9375     1.         1.         0.9375     1.         1.
 0.9375     1.         1.         1.         1.         1.
 1.         1.         1.         0.9375     0.9375     0.9375
 1.         1.         1.         1.         1.         1.
 0.9375     1.         0.9375     1.         0.9375     1.
 1.         0.94117647 1.         1.         0.9375     1.
 0.9375     1.         1.         1.        ]
Mean precision: 0.9815727124183006
Dev: 0.031523769565613716


XGBRF_GAN_NM Cross-Validation Results precision:
 [0.88235294 1.         1.         1.         1.         0.88235294
 1.         0.9375     0.9375     1.         1.         0.88888889
 1.         1.         0.93333333 1.         1.         0.9375
 0.88235294 0.9375     1.         0.88888889 1.         0.9375
 1.         1.         0.9375     0.88235294 0.9375     1.
 1.         1.         1.         0.93333333 0.9375     0.9375
 0.88235294 1.         1.         0.9375     1.         1.
 1.         0.88235294 0.9375     0.88235294 1.         0.9375
 0.88235294 1.         0.9375     1.         0.9375     1.
 1.         0.9375     1.         1.         1.         0.88235294
 0.88235294 1.         1.         0.88235294 0.9375     1.
 0.88235294 1.         1.         1.         1.         0.94117647
 1.         1.         1.         0.88235294 0.83333333 0.9375
 1.         0.9375     1.         1.         1.         1.
 0.88235294 1.         0.9375     0.9375     0.9375     0.9375
 1.         0.84210526 1.         0.9375     0.9375     1.
 0.9375     0.9375     0.9375     1.        ]
Mean precision: 0.9592650068799449
Dev: 0.04722874019860547


XGBRF_borderline_NM Cross-Validation Results precision:
 [0.88235294 1.         1.         1.         1.         1.
 1.         1.         0.9375     1.         1.         1.
 1.         1.         0.9375     1.         1.         0.9375
 0.9375     1.         1.         0.88888889 1.         1.
 1.         1.         1.         1.         0.9375     1.
 1.         1.         1.         0.9375     1.         1.
 0.9375     1.         1.         0.9375     1.         1.
 1.         0.875      0.9375     1.         1.         1.
 1.         1.         0.9375     1.         0.93333333 1.
 1.         1.         1.         1.         1.         0.9375
 0.9375     1.         1.         0.9375     1.         1.
 0.9375     1.         1.         1.         1.         1.
 1.         1.         1.         0.9375     0.9375     0.9375
 1.         1.         1.         1.         1.         1.
 0.9375     1.         0.93333333 1.         0.9375     1.
 1.         0.94117647 1.         1.         0.9375     1.
 0.9375     1.         1.         1.        ]
Mean precision: 0.9814158496732027
Dev: 0.03188334857360782


XGBRF_mix_KM Cross-Validation Results precision:
 [0.94117647 0.9375     0.9375     0.9375     1.         0.88235294
 1.         1.         1.         0.9375     0.94117647 0.9375
 1.         0.9375     1.         1.         1.         0.9375
 1.         0.88235294 0.83333333 1.         0.9375     1.
 1.         1.         0.88235294 0.9375     1.         1.
 0.94117647 1.         1.         0.9375     0.9375     0.9375
 0.9375     1.         1.         0.88235294 0.94117647 1.
 0.875      0.93333333 0.9375     1.         1.         1.
 1.         0.9375     1.         0.9375     1.         1.
 0.9375     1.         0.93333333 0.875      0.9375     1.
 1.         0.9375     0.83333333 0.93333333 1.         0.93333333
 1.         0.9375     0.9375     1.         1.         1.
 1.         0.88235294 1.         1.         0.9375     0.875
 1.         1.         1.         0.93333333 0.9375     0.9375
 1.         1.         0.9375     1.         1.         0.9375
 1.         0.88235294 1.         0.9375     0.92857143 0.92857143
 0.9375     1.         1.         1.        ]
Mean precision: 0.9612429971988797
Dev: 0.04369292230403157


XGBRF_smote_KM Cross-Validation Results precision:
 [0.94117647 0.93333333 0.93333333 1.         1.         1.
 1.         1.         1.         0.88235294 0.9375     0.9375
 1.         0.9375     1.         1.         1.         0.88235294
 1.         1.         0.94117647 1.         1.         1.
 1.         1.         0.88235294 1.         1.         1.
 0.94117647 1.         0.9375     0.9375     1.         0.9375
 0.93333333 1.         1.         1.         1.         1.
 0.88235294 1.         0.9375     1.         1.         1.
 1.         0.9375     0.94117647 0.9375     1.         1.
 0.9375     1.         0.9375     1.         0.92307692 1.
 1.         1.         0.88235294 0.9375     1.         0.9375
 1.         0.93333333 1.         1.         1.         1.
 1.         0.88235294 1.         0.9375     0.9375     0.9375
 1.         1.         1.         0.9375     0.9375     0.9375
 1.         1.         0.9375     1.         1.         0.93333333
 1.         0.88235294 1.         0.9375     1.         0.9375
 0.9375     1.         1.         1.        ]
Mean precision: 0.9709342006033184
Dev: 0.0379773229871903


XGBRF_GAN_KM Cross-Validation Results precision:
 [0.94117647 1.         0.9375     0.9375     1.         0.88235294
 1.         1.         1.         0.9375     1.         0.9375
 1.         0.9375     1.         1.         1.         0.9375
 0.9375     0.875      0.84210526 1.         0.9375     1.
 0.9375     1.         0.9375     1.         1.         1.
 1.         1.         1.         1.         0.9375     0.9375
 0.9375     1.         0.9375     0.88235294 0.94117647 1.
 0.9375     0.88235294 1.         1.         1.         1.
 1.         0.9375     1.         1.         1.         1.
 0.88235294 1.         1.         0.9375     0.93333333 0.9375
 1.         0.9375     0.83333333 0.9375     1.         1.
 1.         1.         0.9375     1.         1.         1.
 0.9375     0.9375     1.         1.         1.         0.88235294
 1.         0.88235294 1.         0.9375     1.         0.83333333
 0.9375     1.         0.93333333 1.         1.         1.
 1.         0.9375     1.         1.         0.88235294 0.9375
 1.         1.         1.         1.        ]
Mean precision: 0.9662176212590299
Dev: 0.0447381559075416


XGBRF_borderline_KM Cross-Validation Results precision:
 [0.94117647 0.9375     0.9375     1.         1.         1.
 1.         1.         1.         0.88235294 0.94117647 0.9375
 1.         0.9375     1.         1.         1.         0.88235294
 1.         1.         0.94117647 1.         1.         1.
 1.         1.         0.88235294 0.9375     1.         0.9375
 0.94117647 1.         0.9375     0.9375     1.         0.9375
 0.9375     1.         1.         1.         1.         1.
 0.88235294 1.         0.93333333 0.9375     1.         1.
 1.         0.9375     0.94117647 0.93333333 1.         1.
 0.9375     1.         0.9375     1.         0.9375     1.
 1.         1.         0.88235294 0.93333333 1.         0.9375
 1.         0.9375     1.         1.         1.         1.
 1.         0.875      1.         0.9375     0.9375     0.9375
 1.         1.         1.         0.9375     0.9375     0.9375
 1.         1.         0.9375     1.         1.         0.9375
 1.         0.88235294 1.         0.9375     1.         1.
 0.9375     1.         1.         1.        ]
Mean precision: 0.9698750000000002
Dev: 0.03795017017018225


XGBRF_mix_KM_SWAP Cross-Validation Results precision:
 [0.94117647 0.9375     0.9375     0.9375     1.         0.88235294
 1.         1.         1.         0.9375     0.9375     0.9375
 1.         0.9375     1.         1.         1.         0.88235294
 1.         0.88235294 0.84210526 1.         1.         1.
 1.         1.         0.875      0.9375     1.         0.9375
 0.94117647 1.         1.         0.92857143 0.9375     0.9375
 0.9375     1.         0.9375     1.         0.94117647 1.
 0.88235294 0.9375     0.9375     0.93333333 1.         1.
 1.         0.9375     0.94117647 0.9375     1.         1.
 0.88235294 1.         0.9375     0.9375     0.9375     1.
 1.         0.9375     0.88235294 0.9375     1.         0.9375
 1.         0.9375     0.9375     1.         1.         1.
 1.         0.88235294 1.         0.9375     0.93333333 0.88235294
 1.         1.         1.         0.9375     0.93333333 0.83333333
 1.         1.         0.88235294 1.         1.         0.9375
 1.         0.88235294 1.         0.9375     0.9375     0.9375
 0.9375     1.         1.         1.        ]
Mean precision: 0.9586724531918032
Dev: 0.043956958752807404


XGBRF_smote_KM_SWAP Cross-Validation Results precision:
 [0.94117647 0.9375     0.9375     1.         1.         1.
 1.         1.         1.         0.9375     0.94117647 0.9375
 1.         0.9375     1.         1.         1.         0.88235294
 1.         1.         0.94117647 1.         1.         1.
 1.         1.         0.88235294 0.9375     1.         0.9375
 0.9375     1.         0.9375     0.9375     1.         0.9375
 0.9375     1.         1.         1.         1.         1.
 0.88235294 1.         0.93333333 1.         1.         1.
 1.         0.9375     0.9375     0.9375     1.         1.
 0.9375     1.         0.9375     1.         0.92857143 1.
 1.         1.         0.88235294 0.9375     1.         0.9375
 1.         0.9375     1.         1.         1.         1.
 1.         0.88235294 1.         0.9375     0.9375     0.92857143
 1.         1.         1.         0.9375     0.9375     0.9375
 1.         1.         0.9375     1.         1.         0.9375
 1.         0.88235294 1.         0.9375     1.         0.9375
 0.9375     1.         1.         1.        ]
Mean precision: 0.9703312324929974
Dev: 0.037045654951015666


XGBRF_GAN_KM_SWAP Cross-Validation Results precision:
 [0.94117647 0.9375     1.         0.9375     1.         0.9375
 1.         1.         1.         0.93333333 0.94117647 0.9375
 1.         0.9375     1.         1.         1.         0.9375
 1.         0.88235294 0.78947368 1.         0.9375     0.9375
 1.         1.         0.88235294 1.         1.         1.
 0.94117647 1.         1.         0.9375     0.9375     1.
 0.9375     1.         0.9375     1.         0.94117647 1.
 0.93333333 0.9375     0.9375     1.         1.         1.
 1.         0.9375     1.         0.9375     1.         1.
 0.88235294 1.         1.         0.9375     0.93333333 1.
 1.         0.93333333 0.9375     0.9375     1.         0.9375
 1.         0.92857143 0.9375     1.         1.         1.
 0.93333333 0.88235294 1.         1.         1.         0.88235294
 1.         1.         1.         0.93333333 0.9375     0.83333333
 0.93333333 1.         0.9375     1.         1.         1.
 1.         0.9375     1.         0.9375     0.9375     0.9375
 1.         1.         1.         1.        ]
Mean precision: 0.9657368236768391
Dev: 0.04235911553241706


XGBRF_borderline_KM_SWAP Cross-Validation Results precision:
 [0.94117647 0.93333333 0.9375     1.         1.         1.
 1.         1.         1.         0.88235294 0.94117647 0.9375
 1.         0.9375     1.         1.         1.         0.88235294
 1.         1.         0.9375     1.         1.         1.
 1.         1.         0.88235294 0.9375     1.         0.9375
 0.94117647 1.         0.93333333 0.9375     1.         0.9375
 0.9375     1.         1.         1.         1.         1.
 0.88235294 1.         0.9375     0.9375     1.         1.
 1.         0.9375     0.94117647 0.9375     1.         1.
 0.9375     1.         0.93333333 1.         0.9375     1.
 1.         1.         0.88235294 0.9375     1.         0.9375
 1.         0.9375     1.         1.         1.         1.
 1.         0.88235294 1.         0.9375     0.9375     0.93333333
 1.         1.         1.         0.9375     0.9375     0.9375
 1.         1.         0.9375     1.         1.         0.9375
 1.         0.88235294 1.         0.9375     1.         0.93333333
 0.9375     1.         1.         1.        ]
Mean precision: 0.969203431372549
Dev: 0.03789125913694454


XGBRF_mix_CC Cross-Validation Results precision:
 [0.88235294 1.         1.         1.         1.         0.83333333
 0.9375     0.93333333 0.9375     1.         1.         0.94117647
 1.         1.         0.93333333 1.         1.         0.9375
 0.83333333 1.         1.         0.83333333 1.         0.88235294
 1.         1.         1.         1.         0.9375     1.
 1.         1.         1.         0.9375     0.9375     0.93333333
 0.88235294 1.         1.         0.9375     1.         1.
 1.         0.875      0.9375     0.88235294 1.         0.9375
 1.         1.         0.9375     1.         0.93333333 1.
 1.         0.9375     1.         1.         0.88235294 0.93333333
 0.88235294 0.94117647 1.         0.9375     1.         1.
 0.9375     1.         1.         1.         0.9375     0.9375
 1.         1.         1.         0.9375     0.88235294 0.9375
 1.         1.         1.         1.         1.         0.9375
 0.875      1.         0.9375     0.9375     0.9375     1.
 0.9375     0.88888889 1.         0.9375     0.9375     1.
 0.93333333 1.         0.9375     1.        ]
Mean precision: 0.9623521241830066
Dev: 0.04618678404401761


XGBRF_smote_CC Cross-Validation Results precision:
 [0.88235294 1.         1.         1.         1.         0.9375
 0.9375     1.         0.9375     1.         1.         1.
 1.         1.         0.9375     1.         1.         0.92857143
 0.83333333 1.         1.         0.84210526 1.         0.9375
 1.         1.         1.         1.         0.9375     1.
 1.         1.         1.         0.9375     0.9375     0.9375
 0.9375     1.         1.         0.9375     1.         1.
 1.         0.88235294 0.93333333 0.88235294 1.         1.
 1.         1.         0.93333333 1.         0.92857143 1.
 1.         1.         1.         1.         0.88235294 0.9375
 0.88235294 0.94117647 1.         0.9375     1.         1.
 0.9375     1.         1.         1.         0.9375     1.
 1.         1.         1.         0.9375     0.88235294 0.92857143
 1.         1.         1.         1.         1.         0.9375
 0.88235294 1.         0.93333333 1.         0.93333333 1.
 0.9375     0.94117647 1.         1.         0.9375     1.
 0.9375     1.         1.         1.        ]
Mean precision: 0.9700330974495063
Dev: 0.04218081666511396


XGBRF_GAN_CC Cross-Validation Results precision:
 [0.9375     1.         1.         1.         1.         0.88235294
 0.9375     0.9375     1.         1.         1.         0.88888889
 1.         1.         0.9375     1.         1.         0.88235294
 0.83333333 1.         1.         0.88888889 1.         0.9375
 1.         0.93333333 1.         0.9375     1.         1.
 1.         1.         1.         0.9375     0.88235294 0.9375
 0.9375     1.         1.         1.         1.         1.
 1.         0.9375     0.93333333 0.875      1.         0.9375
 0.88235294 1.         0.9375     1.         0.9375     1.
 1.         0.9375     0.9375     1.         0.88235294 0.88235294
 0.9375     0.94117647 1.         0.88235294 0.9375     1.
 0.9375     1.         1.         1.         1.         0.9375
 1.         1.         1.         0.9375     0.88235294 1.
 1.         1.         1.         0.94117647 1.         1.
 0.83333333 1.         0.9375     0.9375     1.         0.9375
 0.9375     0.94117647 1.         0.9375     0.9375     1.
 0.9375     0.9375     0.9375     1.        ]
Mean precision: 0.9625596405228758
Dev: 0.04460619543600348


XGBRF_borderline_CC Cross-Validation Results precision:
 [0.88235294 1.         1.         1.         1.         0.9375
 0.9375     1.         0.9375     1.         1.         1.
 1.         1.         0.9375     1.         1.         0.9375
 0.83333333 1.         1.         0.83333333 1.         0.9375
 1.         1.         1.         1.         0.9375     1.
 1.         1.         1.         0.9375     0.9375     0.9375
 0.93333333 1.         1.         0.9375     1.         1.
 1.         0.88235294 0.9375     0.88235294 1.         1.
 1.         1.         0.9375     1.         0.9375     1.
 1.         1.         1.         1.         0.88235294 0.9375
 0.875      0.94117647 1.         0.9375     1.         1.
 0.9375     1.         1.         1.         0.9375     1.
 1.         1.         1.         0.9375     0.88235294 0.9375
 1.         1.         1.         1.         1.         0.93333333
 0.88235294 1.         0.9375     1.         0.9375     1.
 0.9375     0.88888889 1.         1.         0.9375     1.
 0.93333333 1.         1.         1.        ]
Mean precision: 0.9696584967320263
Dev: 0.043017912101426595


